2865 3254 
3341 3170 
3577 3326 
3607 3300 
3765 3562 
3765 3690 
3801 3998 
3827 3536 
3799 2660 
3783 2676 
3693 2690 
3199 2220 
3021 2018 
3123 1840 
3403 1992 
3613 1938 
3885 1410 
3731 1296 
3781 1242 
3937 1190 
3863 452 
3897 318 
3783 212 
3477 458 
3105 38 
3071 524 
3099 568 
2895 508 
2847 588 
3033 926 
2993 1366 
2763 1576 
2781 1650 
2363 1816 
2149 1818 
1951 2380 
1921 2630 
1771 2952 
1619 2896 
1661 2802 
1473 2694 
647 3188 
555 3240 
617 2958 
743 2900 
755 2768 
817 2582 
851 2480 
917 2314 
1155 2080 
907 1864 
999 1748 
1411 1792 
1541 1978 
1633 1670 
1561 1502 
1745 1558 
1731 1440 
1825 1190 
1997 1090 
2197 1066 
2185 910 
2193 630 
2281 270 
2259 240 
2381 226 
2339 128 
1959 84 
1743 220 
1763 288 
1805 706 
1717 778 
1603 640 
1423 92 
1231 28 
1129 238 
709 442 
603 600 
675 672 
823 964 
1049 1118 
541 1650 
343 1636 
507 568 
445 306 
41 782 
207 1052 
63 1324 
257 1638 
177 2038 
475 2104 
3 2752 
139 3304 
349 3666 
251 3928 
635 3736 
767 3788 
1103 3932 
951 3716 
1053 3442 
1271 3204 
1257 3278 
1287 3476 
1377 3750 
1499 3800 
1689 3870 
1525 3530 
1521 3286 
1647 3324 
2277 3034 
2375 2996 
2385 2806 
2763 2440 
2827 2984 
2927 3068 
2621 3154 
1925 3386 
1855 3532 
1813 3658 
1961 3758 
2323 3632 
2373 3930 
2605 3938 
2841 3998 
2847 3948 
2871 3684 
2789 3418 
2825 3406 
2865 3254 
