1 11442 8508 15571 15944 8411 8778 9417 
4158 8670 8618 3014 15101 7845 1076 1948 
55 838 9654 2185 6729 9972 14979 11310 
2872 10061 12961 8730 15619 14122 10187 3962 
11643 687 6990 13794 2267 3720 6975 5385 
10693 10608 13429 2606 5091 10525 9132 16324 
3946 15541 1408 15757 16124 2910 10615 1879 
9411 6569 10656 7302 15289 5511 7232 2398 
7320 947 12776 2620 333 116 5372 8200 
12003 6461 1233 13610 13550 8983 12578 6974 
11474 7387 7053 11078 12620 7060 13749 6900 
7364 4523 274 2902 8236 16118 4204 12594 
1671 9640 15932 6282 10848 2092 7337 13945 
1352 7322 4164 6972 9621 4921 11420 5466 
5505 6177 3985 14070 12495 3644 14427 3886 
2079 8614 5200 6840 1878 4662 13769 15690 
12724 6549 1503 3659 4627 6802 5077 9642 
7472 834 12571 5833 5745 5891 8211 9571 
7813 4795 1524 13417 11892 2456 4622 353 
7809 12453 2014 3795 15233 8130 5739 11851 
3351 8849 620 1979 14953 8392 8509 6205 
14058 13701 13307 11961 12986 15214 11538 10095 
13423 8109 8932 8486 3802 4328 13297 7874 
16013 15112 3490 3672 9482 4636 14559 6527 
10711 5564 4897 11659 621 4124 4140 15044 
14684 7668 9062 10885 13277 13694 9371 9276 
3556 7071 15254 2719 12742 3544 11914 5890 
2252 7649 14481 13472 9110 692 4092 3838 
7911 7289 7033 3093 4353 11068 11735 11141 
9500 13009 6479 4484 3579 8339 13620 5192 
11098 9533 8836 11692 10141 12626 14499 15611 
5488 14286 9565 389 11607 6690 15174 1525 
1324 16234 1927 2175 1154 14002 6165 8587 
2649 12597 7458 12551 7578 2886 14339 2688 
178 14810 5249 7216 13883 9207 11073 3186 
16164 5368 2811 15705 10983 6346 2830 1099 
8022 6035 7277 6794 2724 7884 5762 14197 
9783 184 9065 1735 1148 11949 1895 15474 
6359 14287 6343 1373 2040 6066 13422 7627 
9008 11649 7437 7318 4969 7189 2491 3126 
13839 5017 4615 6441 12719 252 4055 985 
514 8936 9941 10262 9601 5567 3456 9774 
707 3168 9243 6356 5750 9113 6511 13057 
7944 13280 5587 11627 1479 15716 1906 6046 
8845 4036 10724 5358 11938 2958 4708 1303 
9240 868 146 6979 14448 850 9553 6816 
786 11051 157 58 7348 10151 3166 1444 
1390 4077 2975 6314 183 9595 8623 4492 
3302 1434 4940 11107 5962 10908 14185 598 
14198 5918 11803 2853 12552 7697 9440 15767 
4453 15682 14668 481 10477 14047 12547 13160 
6033 11713 773 1460 12250 13424 11921 12985 
9631 11072 2490 16024 4912 13842 11651 15193 
11512 8105 2448 7581 2072 11632 1561 14450 
11409 250 10625 16203 9102 11614 7003 15023 
10519 15434 4228 15048 455 14564 12568 1974 
10991 3712 785 14055 9327 5862 14594 16112 
9343 4996 12611 14060 15351 13456 16078 1641 
12402 5614 2630 3148 4253 4280 13779 10985 
1640 11809 1453 12209 8121 10012 201 12915 
12802 8298 16195 2735 4248 3155 6491 9560 
7682 1925 11337 881 13305 13149 4693 15587 
16347 13964 4024 12938 7940 13708 14799 14705 
15470 1264 11549 8442 13673 15729 10730 13755 
4171 8294 8583 11625 2415 12218 15912 1512 
10371 192 13349 3213 2465 8297 15343 4173 
2970 1271 10041 2951 7177 10172 6383 7915 
8773 11428 3686 7929 7455 11239 5153 12348 
11711 12815 7674 5345 15754 9441 3851 6321 
5265 9615 11480 4046 7660 9019 11373 1014 
15286 12514 10552 9913 6733 1183 14251 3503 
6134 14568 4249 15034 10055 9852 1306 15282 
14723 15338 1838 1125 15510 5839 10956 16166 
13036 10478 13330 9980 20 16145 15612 4501 
3787 6632 3420 6824 14033 6616 11355 8545 
2200 3365 9142 1445 5930 3056 11083 14323 
4864 5323 4489 3869 5578 2770 11586 12464 
9377 12269 1737 3970 10150 797 15397 3881 
1687 305 15591 6962 3912 4086 15800 1713 
2025 6192 10820 4855 5018 14105 14520 15144 
5520 1506 2575 1383 3189 5530 5925 3033 
9398 9799 11597 12092 7716 9848 3259 9991 
10930 6571 7815 10085 9927 10052 6167 12641 
6030 16351 6422 8743 7945 4575 10091 5468 
14825 540 11581 13963 1601 303 13837 14850 
15969 13990 11808 1908 14629 160 5755 1743 
15133 3697 11253 10443 16075 1343 1070 12493 
7611 10738 901 14190 9587 6976 15686 12617 
6180 13095 7582 4495 4872 16090 8233 13209 
12502 5724 13487 2530 10697 6575 8226 3448 
16240 6885 6350 10511 15022 595 5195 11488 
12676 9974 5132 14748 14958 1530 15783 13690 
487 3017 7295 16367 1463 16289 7993 4596 
7305 4291 294 4757 7371 7723 3429 4179 
2798 6951 7910 8564 11352 7542 8261 13942 
175 2069 4580 469 5476 8212 2026 11747 
12048 6800 4910 11005 2609 12512 7412 14938 
3499 4462 14590 9495 11331 14940 8174 12237 
12883 5517 26 6811 2108 6108 4915 15763 
5287 9895 5033 15934 14152 4858 12074 3915 
14363 5674 16201 7778 5313 2038 3678 7172 
2950 11702 13928 12573 4925 2678 8689 534 
13908 15041 7814 2246 576 14288 9499 3866 
16161 15433 12747 2728 12621 14111 5906 12426 
4141 3115 10839 2326 12851 5793 3267 7230 
12615 8985 9739 13146 912 14722 11070 7005 
4645 13628 16158 9540 3653 14117 10475 7309 
10529 1905 3538 12955 774 12461 12591 1368 
2478 5133 668 12086 8315 3476 8257 3981 
10498 2390 4466 15966 2211 10285 2779 6500 
9491 11965 3626 1443 10749 5782 10245 10418 
8153 11067 3748 11786 11698 4430 10710 3314 
2442 1006 13318 1797 2721 8607 7336 9072 
4252 2705 4735 1298 4231 7878 8125 1830 
7510 6213 370 8952 13358 3109 12996 2796 
3363 8542 2339 3693 14381 3601 8571 15907 
11262 5122 6146 13151 5384 8160 7090 14691 
13922 9520 16262 14483 15971 9901 13787 4704 
13491 10148 8653 8321 4151 2838 4774 5289 
7010 7988 9555 12839 6209 12429 2695 11863 
587 14925 13812 1117 6297 13987 2405 4315 
42 6148 1227 4416 196 3027 15734 12011 
926 4623 13634 2471 10657 9516 752 4699 
1997 10619 10752 11552 5288 11046 12898 6158 
3629 15943 11476 1821 10397 2165 16067 7560 
2361 9627 15394 12029 8248 2458 13513 8960 
7273 15584 5545 7958 14177 2098 12949 15962 
15460 1226 2070 14802 11567 12792 10378 9196 
8323 5042 7300 2314 9944 6548 16339 7102 
15455 4547 2941 16079 16284 9776 12352 8859 
16182 7198 11090 16117 2726 1806 3474 7270 
3214 15421 3185 2991 12351 6214 5557 8910 
14139 13827 14947 8015 9358 10197 14758 3183 
11978 8353 2270 470 15010 13900 7333 10721 
4508 6522 8093 4720 5429 40 15492 7504 
2163 6013 1626 12774 16282 5666 12013 7971 
10932 10083 10947 5669 2797 13586 11516 10376 
5049 16014 14560 16229 15065 9175 2388 10976 
10035 1644 5568 11030 11802 13031 1308 4942 
16026 10413 7183 9709 4245 14917 4777 2580 
1578 9406 9747 5754 2633 792 8328 8707 
6638 6362 3060 9238 10064 3509 6781 9735 
10022 9794 10594 11391 12875 11118 754 186 
7664 2881 4504 16363 15828 16376 4979 11706 
10567 13052 5302 1647 8384 1987 10154 1462 
8184 6957 5055 11363 8151 432 4110 6115 
11032 12412 9903 12925 8193 3845 5346 11304 
4787 7179 3398 10907 14547 8905 10548 6283 
9782 2512 9918 13630 4395 14344 16119 13709 
12984 10329 10884 13434 9951 2054 10060 9684 
11077 15551 5465 9815 8347 10844 15137 12245 
831 332 681 4717 8140 3222 13806 8779 
13501 16162 1627 8067 2121 15790 14263 14171 
8254 12487 14847 820 12575 15908 341 2949 
7545 2406 8659 13211 14297 6156 7551 11830 
6922 12301 3844 5976 4974 11840 13727 12705 
15725 4881 5703 3127 4638 5176 11633 4859 
14332 3612 4359 44 7143 12146 1159 6842 
5551 8031 9465 6795 9038 3249 11704 2973 
4670 9285 13555 4518 14482 2007 2311 9832 
2536 7111 7167 6585 5864 6829 1932 5636 
2585 10671 13746 13767 8181 3007 9451 12484 
11822 11235 11299 2334 9856 6515 1903 8694 
8389 5333 7994 720 11343 15936 8427 3297 
10834 4327 9660 3811 678 11578 2665 14950 
4624 12447 76 14353 7271 10235 10168 12098 
11587 3620 10283 3338 5681 14093 14849 14431 
15820 15058 15114 3400 2077 11307 7643 176 
1247 9717 3665 3945 12906 12284 1625 7379 
9037 13325 2592 1428 14633 11350 1567 8729 
12027 3152 12084 13016 4697 11489 13629 10231 
1822 981 2277 6354 566 14792 9264 11843 
3776 9332 16143 9536 16061 7567 1971 2275 
11214 16273 3442 120 11407 4243 6956 14918 
3065 12510 12532 12044 14555 6154 2020 12087 
10346 5388 6792 7107 12890 7800 14676 13450 
571 2101 16002 8215 12616 1860 11104 7780 
15161 13600 5189 13254 11573 14991 8406 5896 
13543 5506 2547 905 215 1914 6284 892 
8052 7118 696 8154 3688 13342 771 9677 
14167 11838 12576 4369 4465 3367 11125 10778 
809 538 11089 12756 15225 10998 4970 13439 
3524 1939 5956 14625 4051 14352 7512 522 
1739 3299 11048 12432 1242 6765 3480 15365 
9163 94 14716 5914 3935 14913 12059 13558 
2548 10173 8416 7225 231 9958 13166 11324 
2279 8176 890 1009 4785 5100 5641 2146 
1144 6554 16017 13140 457 12536 8407 4314 
6353 15055 11033 11029 15018 4420 15560 12637 
4377 3339 938 14812 298 10017 9024 8851 
5819 8283 14884 12918 12323 15661 4632 12189 
12821 10546 15680 8222 15099 15355 48 7913 
3144 11146 12299 10272 3044 14755 16204 7089 
6136 6664 11944 5951 14647 8378 10642 10659 
500 2743 9930 9280 4407 13234 15064 15004 
4319 7092 8919 1192 12531 4878 9781 7775 
4400 1732 9446 3032 15747 2965 8192 16169 
4683 417 10602 2702 7647 12602 4135 5089 
2658 2865 4213 12777 14279 4562 5787 8945 
7367 10470 9342 5173 11279 14993 1128 4740 
7457 9898 6159 7569 3797 6390 10136 6106 
13231 14029 5683 64 12861 8162 3943 3700 
3419 46 5826 4455 2569 3082 7757 4049 
15098 13680 15921 1510 3364 11952 13184 5752 
4287 1699 14858 11899 1101 13572 12031 9116 
9942 3432 81 13290 1496 3832 194 10139 
4837 9644 1521 11206 14845 1915 12934 9421 
10191 10014 14100 10155 8423 15315 11629 5306 
11929 3182 1978 12694 12823 13691 9603 2439 
218 13793 8999 5581 9827 7328 10233 11393 
3576 163 1024 8152 11777 579 9798 15274 
6300 15207 10986 8038 13268 11682 2365 1684 
4971 4756 9278 5600 11600 5981 2443 15067 
3102 13481 3537 11591 5297 553 14064 15831 
8922 15167 4076 4526 11878 11732 5747 5889 
12306 14971 12458 2691 13829 7008 1451 8970 
5156 7127 13476 12176 5650 10954 3053 12280 
12097 1268 13312 5330 14439 10818 5806 8791 
6329 15746 12286 3361 3609 3414 13398 11449 
1985 13872 15732 5610 886 9124 563 8793 
15089 9673 2383 5570 8695 13196 4177 3958 
7905 14524 937 4933 1481 71 8522 2933 
14675 3098 8310 1962 11414 10823 254 4216 
7992 2261 224 11793 4167 4827 12120 12439 
1548 4079 16196 2325 321 7155 15046 15080 
1037 9651 4240 8272 12567 6528 10032 15014 
8420 9957 4803 413 16271 10310 15724 11002 
15277 12752 3718 9297 4058 1126 6406 5913 
15299 8213 13710 7236 5539 4266 1299 3203 
5730 5165 10605 14340 10229 4672 3634 15784 
15181 2202 10577 10686 3450 2807 3206 10973 
2 7974 15366 2052 8388 6526 15933 1693 
6363 6634 13083 685 6904 5742 5548 10325 
1146 3385 14873 12666 4557 14546 8900 13136 
466 5263 12891 7249 1707 2794 8350 4387 
1282 8385 7383 6921 16200 12019 2352 13431 
1217 13766 8271 3131 1007 8450 504 12294 
5283 5949 14476 10195 4553 8531 13283 11043 
1228 3923 15891 6665 4537 4308 5645 13909 
5576 6871 11383 13430 5647 1734 10782 14540 
1160 11823 7495 339 13117 11128 1890 3762 
14744 8148 661 3814 12124 4198 13156 8815 
7101 2050 14937 14565 2984 9757 14579 5563 
14486 2526 12718 8439 5467 6578 9635 3158 
10320 1955 1792 6897 11238 329 4804 1529 
8260 4949 3741 6238 7380 9634 11381 7475 
11240 5630 11163 2961 11828 5299 6673 5043 
8214 4445 5366 3113 15266 14859 14634 16072 
5415 2596 4848 10505 11517 15005 513 4521 
14181 7064 6530 5663 1418 15412 13042 15873 
3854 14963 6218 13201 10018 2817 6076 4322 
15479 6083 6509 14252 8142 11847 12470 5004 
5637 14261 4620 6981 4427 4456 1585 12741 
3684 16269 8575 12846 1892 16328 11615 7675 
10386 10375 15416 9662 11020 10406 973 9253 
10838 15077 3572 10670 16318 9078 12970 6223 
1351 13745 15090 5308 12240 9541 16104 3635 
8613 13445 10946 2407 13000 13951 2103 11542 
8720 14808 7819 15108 2284 130 2295 14465 
14851 9131 1441 4137 9638 2932 12570 14120 
13222 2474 4351 4931 4100 9176 7522 1667 
9239 16359 10209 11575 12248 7604 15093 2114 
9966 15987 611 1775 7036 8609 13256 10990 
4613 14394 14310 727 6880 7428 5083 8940 
14731 4853 8447 7821 3637 3799 1800 3782 
1712 5337 8736 5329 11361 4845 13581 13356 
7859 10394 12463 11613 9862 11547 13545 14500 
14678 6208 11826 1919 15726 8143 10075 14875 
11076 7587 15671 13717 5190 9012 4631 5447 
12831 15278 1016 15244 15697 13485 6419 1066 
3230 14250 11791 3110 777 7788 7087 10528 
15212 1150 4995 7523 3164 1110 9052 14400 
10103 14765 1675 15370 14321 10997 3594 15154 
12993 13320 9772 13027 13428 10273 4423 3874 
7654 3254 800 13232 7605 8503 3146 16004 
2239 11641 15331 1231 3731 15410 7374 5974 
15326 1047 14686 12405 14175 7678 12151 12372 
5003 429 1085 9348 1466 6735 9416 15178 
10264 3515 2483 11695 1828 2348 4370 12871 
6590 10054 6813 8528 14217 3156 1104 2927 
14158 402 4174 1764 10102 14881 12455 4981 
16233 12191 13336 13918 2597 15513 9881 520 
15317 5541 11948 5489 3996 8500 4062 8050 
2190 13065 5998 6688 5709 2578 5436 5642 
6598 5116 14199 924 3812 132 4302 4839 
4674 11264 14528 8527 4354 14367 11351 13631 
8069 2218 13397 1639 10934 14262 7568 3124 
6102 14789 16149 10797 6393 5338 12292 4836 
4346 15071 6229 6289 15427 11312 6679 585 
15593 10023 14219 14742 2480 4132 9728 4210 
14538 3493 15425 11644 10174 1172 13284 1277 
7459 15498 7552 9996 16040 13669 13846 7960 
718 4505 6246 14891 6887 5137 2047 1416 
6475 10228 15565 10202 4050 5264 13565 2053 
4846 3423 6452 5910 1765 14207 11371 858 
2189 13743 8714 8267 12018 4539 262 5262 
2940 2787 14341 16199 8341 15955 2761 14066 
14805 7840 11953 9306 1767 6532 8886 6521 
14270 14468 8396 9940 7799 11638 8972 14927 
14480 4975 15115 2005 12932 1711 9373 12952 
10620 7313 1386 6541 6483 7762 9819 2745 
177 10385 7124 12365 12630 3210 15872 10850 
9363 6438 6207 8651 970 13236 15761 12974 
11811 9333 13410 5244 14415 3707 10275 14239 
6534 934 5197 292 9150 9492 16029 7999 
7524 12435 13897 8493 1614 9077 10962 9017 
1387 6442 8956 9047 11396 11844 8857 4460 
10490 6020 12596 2936 11674 2816 13675 6095 
1388 3066 2385 7547 478 11846 1980 8828 
10440 1942 13122 7856 1229 13388 5618 358 
4496 5334 8761 7704 236 7750 11743 8962 
4558 12036 15945 8731 13515 3826 577 3104 
14848 6351 10678 1333 15340 10698 7161 9558 
3296 1621 13239 14822 7150 11726 7000 11617 
919 13559 14195 6386 1248 8398 1759 3436 
9146 13531 6334 10964 2414 2563 10553 1836 
9171 4573 7995 7776 13361 16252 8468 9114 
6934 12321 9762 11744 1448 2417 14317 6449 
3513 15792 11818 1721 13856 7262 4894 5845 
15043 8028 9613 6133 2144 8897 7493 4030 
15972 639 9546 1600 7291 7474 9136 2601 
2698 5544 1135 8320 13506 13865 3563 2371 
16341 818 1220 7968 8534 10152 15354 5904 
10286 8399 11557 16064 9450 14743 11282 6540 
705 2357 14630 1367 14914 6791 1780 458 
7866 2432 15103 12533 7831 1255 6096 12944 
12053 855 3916 3415 2004 3636 15439 2737 
5485 3130 149 13711 1395 12647 9375 6317 
3470 16313 2584 14422 168 12965 13568 8753 
7801 4957 10812 10074 8367 3484 15148 12400 
2542 5525 10033 7947 13433 10596 1224 13652 
12065 4379 1553 15910 1067 11784 3622 3816 
15961 13038 13801 14976 14358 5536 2522 14978 
13176 12406 11487 10402 4195 14644 9185 15801 
7709 9488 6311 2245 1673 7595 13781 11534 
2115 1074 2674 8357 9797 12216 10916 6566 
3198 438 11085 11042 15147 9384 15588 10933 
1371 9851 10323 13893 310 1002 14587 4913 
4303 16033 11410 9845 4528 3431 1087 14334 
7499 13216 8189 16249 8277 6186 8543 5016 
5061 854 9133 9494 1201 95 13954 14597 
13394 12830 361 7205 7347 1931 9527 10982 
4954 2684 3353 12466 9357 14271 7476 8428 
11265 6234 3077 6110 1565 147 5416 3968 
2340 15520 1015 11069 9088 9287 2399 602 
12407 972 3852 12642 8727 2331 13534 6193 
14248 3652 4392 4007 6423 11934 8781 9666 
2823 8775 13096 8155 6206 13443 6145 15458 
5353 1038 1887 8671 8701 8276 9173 3564 
6535 2498 9778 12866 3294 3909 1436 495 
8902 4182 9946 351 14727 2332 5761 6913 
376 13120 6659 13292 13214 13881 888 16365 
3617 9310 3277 2638 14313 490 8304 12180 
3088 9013 5590 12379 10892 11459 5426 2000 
4866 4994 1121 8021 13750 634 13798 191 
3540 257 1941 1457 15993 10416 15848 15490 
5654 11372 10240 13469 14157 4486 7296 15124 
8561 8246 750 9309 526 1289 3362 586 
14683 8481 6355 8628 5432 6391 3658 10232 
6413 1708 6016 10646 1055 8352 654 11091 
7690 1875 5036 9298 2262 14073 13522 10912 
3159 14031 8443 4183 2677 9156 3734 14220 
6432 9203 12261 36 124 14208 1874 7976 
6455 4131 11011 14794 276 8132 5816 14974 
3169 8374 5104 3237 5375 3668 15771 227 
2882 12366 6024 10094 9233 6883 5854 5905 
1167 8868 221 6613 7816 10026 11553 13138 
16293 10922 7759 4264 10081 13174 15692 10221 
5383 45 10672 6868 9153 3374 7933 12034 
9027 14693 7451 14906 5452 10645 11177 13598 
712 1889 6319 7121 11604 14145 9258 14739 
14811 11903 12787 7727 4702 13467 11212 4767 
5509 16225 1103 12926 12224 6217 10936 3710 
8562 14065 9886 15659 7520 4271 4530 10847 
9292 5789 12198 4727 14414 10937 4967 6711 
404 6506 12834 11831 2855 10111 12199 5123 
4200 1136 5992 9190 883 3598 2983 7810 
13573 1790 1107 4875 3656 1501 14753 8928 
2954 4746 7190 11150 7706 8348 1666 3885 
3979 15301 14771 3354 8363 10241 3926 4160 
7889 2953 10764 794 8404 14110 7826 2624 
2428 13269 8764 9626 3781 12416 16160 15374 
15989 14077 5535 5214 683 13011 6501 216 
159 6558 5685 7056 9415 9891 16221 11895 
962 14514 4561 7896 2364 7964 12610 15920 
11745 13177 9021 4078 3331 10995 10630 14022 
849 971 1541 4316 807 11434 7764 9796 
1109 2595 778 5405 6749 2880 2269 1944 
6707 6008 11280 16326 13314 9283 1292 10609 
5973 1464 9209 1165 9552 8035 4168 181 
14446 15290 10284 11319 143 13567 1782 2700 
9463 8089 10563 15785 12190 6854 12362 9380 
1897 14614 11544 5765 1266 8501 6147 359 
8040 6784 3593 14523 8365 5029 2533 3136 
5157 11028 2572 3922 7603 4718 5106 10640 
6093 7439 14113 2731 12482 9345 13789 13102 
6691 7182 8612 8477 738 6324 2971 15803 
173 2320 9999 13245 7456 14228 15364 9630 
1406 15406 15264 8115 6770 16043 5040 3651 
10632 12395 14813 2048 14387 10636 16087 2412 
16165 8774 2513 11748 2759 3529 5957 9706 
1508 14085 14626 6823 1155 6556 6918 7366 
15335 5395 15596 152 14159 11379 13260 83 
1234 652 6780 13366 4685 12049 12646 3142 
5305 8863 12655 11385 8584 2090 16073 14326 
11100 8291 12991 14375 1993 15082 9144 5909 
16051 7400 7811 10674 4991 6980 15985 14432 
10093 7758 4821 9522 1415 4602 14234 15823 
9084 2562 12169 5498 7041 155 7280 14609 
10278 15150 10266 10194 10388 9324 15063 15712 
3319 13547 9926 13198 10802 12778 13734 5688 
822 633 646 10790 13094 9857 15727 13848 
8122 1492 13751 13035 12697 13169 4877 13665 
2625 1587 6819 8133 7937 265 11797 2464 
5357 1336 16384 5084 1033 8100 16307 551 
4260 2614 9766 13903 14436 932 12075 2213 
6565 13092 10042 1092 3147 10268 13352 6967 
6295 10098 5593 15575 14751 5031 7701 12664 
12135 1071 5526 10723 772 5838 8710 11215 
650 2345 10361 2561 7957 3964 4461 15572 
11153 2228 7892 6281 15015 4444 15868 743 
670 4714 7541 1372 12517 524 8314 11986 
11445 12869 1670 8746 11411 362 6862 4744 
3732 12325 845 1898 8091 13409 12854 9312 
1345 2433 8285 3392 7015 10003 533 12526 
5373 14121 15983 10955 1265 3755 950 8582 
8266 12130 7449 14437 8992 16031 2280 1337 
11189 15053 4201 15773 2035 9361 925 967 
3791 14232 5667 13141 16369 1975 14677 3258 
253 690 8382 15006 9896 6384 14153 11525 
1472 10298 8548 15323 8351 394 14209 7301 
10927 7093 11874 2516 4247 12340 7514 6492 
14738 15709 11186 16251 11066 9909 2290 16228 
5504 14289 4813 11551 5714 2717 12686 10211 
6470 7745 9051 10909 364 13411 5711 11690 
2707 9633 15582 4333 8752 14928 8697 6028 
7001 7067 16308 16336 9657 8803 15056 3899 
2124 2604 447 3592 8377 7607 2883 9718 
11758 8818 14905 11925 2328 11302 15681 15047 
5185 13296 6661 2840 737 14784 12307 8681 
10569 15990 14878 7283 11697 16259 2299 3730 
6512 843 6437 8921 14730 16082 12330 9351 
10734 2963 11021 3610 8834 1106 14012 7902 
4652 5534 12836 11689 13809 7624 14864 15342 
6654 559 15842 1883 11057 8188 14089 1777 
9866 5773 3262 10421 8387 16052 12744 15516 
1741 9262 2603 1269 13896 9316 1458 7339 
4223 11832 13179 13202 13295 3160 15737 15953 
10045 1346 12613 15218 10374 11857 10082 15378 
8252 2767 8812 72 3433 16348 16035 13682 
3238 13930 10559 1280 6141 2716 2789 5939 
12833 6075 5280 7954 6150 12140 4686 9591 
15963 497 14080 7858 13962 3545 15465 12046 
2039 5478 6869 14732 14968 2156 15829 11103 
7926 11673 6658 12593 15318 12394 9439 1648 
7931 4888 5772 6272 6647 11900 7791 8037 
7997 5320 5493 2391 13466 13917 1000 15892 
2752 12700 2469 12658 13474 10921 1119 7137 
448 1534 592 3458 14816 13401 1045 3903 
8913 3989 6499 6092 13633 15789 15386 13226 
80 247 1646 9410 5393 1727 15843 12968 
13552 13966 12527 11738 5591 6716 16322 9861 
15203 14503 14290 9828 6025 12434 3418 1973 
9307 2835 11699 13308 11833 11528 15195 3061 
3023 13686 10496 1803 13535 10337 4057 14638 
2946 3600 7556 1003 90 8895 6560 8601 
6339 8048 1073 14541 2568 2981 14037 2353 
6983 6567 3683 15609 5339 11701 6003 11106 
14828 2939 9854 12055 6675 15623 15735 12941 
226 8241 3855 11131 15062 7389 14793 14572 
15404 1786 10177 2286 5281 14944 4737 1557 
12827 5158 11135 12995 5411 11152 15334 14315 
14664 13374 13007 2376 11872 11861 11144 13339 
3747 4750 13030 11605 1356 12290 617 16301 
15928 16232 5236 14155 4424 348 9549 14230 
7487 11954 12708 11723 5251 3775 5865 13774 
869 3052 7586 927 5691 10523 16172 16055 
9605 13832 11049 10366 171 8539 1077 1662 
8675 5686 10190 11982 8559 436 3046 767 
15345 13982 1032 12177 11277 1771 3191 10464 
644 5582 5292 5483 6542 11096 1815 4498 
6798 4350 2612 13805 10129 16246 4603 14635 
8704 16272 10943 65 12001 5566 9812 4847 
3103 14049 6039 12147 11360 13845 16211 14728 
16213 12102 16375 13799 2408 10444 16306 1933 
6677 237 8346 2557 8568 14956 14919 15901 
4242 527 10849 6464 5008 1579 7559 5721 
3871 7794 14632 8386 9284 10628 10814 6882 
15999 11795 7746 12298 16168 4863 7790 8371 
7157 11620 9649 6771 1910 3498 8901 8403 
3141 14852 12144 1851 16268 9247 731 8470 
3020 1967 7713 11034 11311 13533 5143 11729 
6450 4261 6431 13925 9995 2324 7781 4510 
8626 15597 5072 7927 15255 8996 991 5628 
5853 15293 15958 9241 12222 4502 1695 14556 
10886 4475 5823 13382 14646 1825 2186 4152 
13625 2926 2507 2812 953 10653 5377 16371 
489 3999 5051 6485 7570 3905 12138 4828 
7403 10047 4094 10582 6440 8917 2463 15981 
15657 2808 8909 11192 6629 8073 8934 10579 
8068 9506 941 2223 16219 15614 1171 6893 
4600 8634 11981 1254 9413 512 12565 7990 
14854 12331 8179 13986 15094 15846 11694 5680 
14467 6570 3202 5175 793 13978 309 12766 
4047 11158 4002 3151 69 6001 140 6627 
10641 12619 2129 7139 9483 9818 10816 8145 
15545 16103 11505 5115 5768 9355 9025 9100 
11273 852 16346 13131 7540 8595 8679 3246 
4426 14706 4534 3494 6838 11850 3167 7311 
14147 3650 15250 7572 2180 15173 10292 8397 
16063 1760 10322 1432 14657 2715 14101 7715 
5402 14165 6874 1339 6396 11147 14428 4267 
15556 5151 13712 13299 2605 10249 10772 3449 
4590 5515 15468 14867 8010 4691 5266 12609 
12817 11318 9701 1189 14885 7497 8627 15787 
1686 4435 11676 14955 9476 8930 7855 7836 
3907 10949 492 13360 5269 9064 10479 104 
11667 4088 12586 15493 15171 10332 11174 2741 
6796 16258 3042 9574 10044 2977 5460 9471 
15322 8991 9838 5472 9092 9758 11193 12397 
15415 12693 6224 9466 4886 4020 4193 8869 
12726 5779 10537 7490 1615 12969 230 10572 
7594 8783 3842 12066 13826 15385 3514 9842 
12987 416 14981 803 14719 1450 11248 6079 
14539 5095 10507 3990 3666 12780 6395 8459 
11341 10534 10935 2297 6231 11167 6397 6841 
10593 12459 826 13301 3026 15473 15243 15283 
7688 2402 2792 16000 67 14617 5892 15521 
15715 13593 5652 13854 9756 3853 10438 15140 
1507 2577 1262 8860 2920 15799 9294 14168 
13396 5293 12091 6009 3199 10067 161 10431 
12692 12555 3013 13404 3704 1945 3950 14019 
3543 1409 12465 2119 8726 1882 3054 10244 
16356 9058 12957 13003 2093 2903 3655 12942 
33 7368 9498 2864 3884 12320 5831 14001 
14892 1681 15599 12456 11639 5881 10158 12462 
6327 453 10851 5671 10611 1221 3865 6587 
13905 1314 11094 1599 3335 10058 9681 1166 
14324 11024 111 10584 10819 10958 10939 4782 
2059 10403 1237 12150 8620 9349 13345 2694 
12417 11225 9170 1839 908 3095 6757 14200 
13891 434 15687 1177 6265 11398 2992 2911 
4432 12483 6264 5664 9890 8390 15307 12581 
10004 471 2381 9806 14129 3220 9205 153 
11864 7562 14521 15380 5880 11080 11345 4937 
6403 13542 15239 14622 7175 12175 730 3649 
3239 337 4578 11999 12683 9682 3396 3850 
8973 7091 3536 10931 5428 8699 2499 13248 
7052 13738 10447 14357 9869 6591 8771 8668 
3914 11977 12904 977 7149 6111 12785 2500 
14127 12338 2431 8690 14492 759 15076 6288 
4479 8456 812 12057 6417 10384 16027 1442 
15230 16089 11263 3831 11679 2558 10510 5121 
2161 9191 12162 2479 11064 3805 16 3402 
6550 7211 96 942 10815 11675 4842 9508 
7170 9534 13915 5030 2127 791 11556 15748 
10739 7834 6459 15950 12725 2866 496 10063 
11087 3698 2110 5708 4761 3190 3729 4667 
6644 3422 1134 11478 11765 10467 10157 14045 
10747 8687 5595 11768 8380 3467 2589 5459 
9768 10119 848 5400 15453 15352 4375 1197 
14856 3174 15886 11709 11136 14671 15975 1705 
12699 3739 4277 11205 14435 12608 2350 9143 
1654 10446 6507 6087 4090 15476 10051 12627 
3647 10808 9126 13335 1685 12107 2238 1318 
12542 12771 14515 15776 12907 8521 8885 15537 
16175 8451 3800 1130 6073 7214 8092 13720 
13643 7282 10972 11224 7151 10514 13116 9955 
10665 9764 11044 4832 5034 14009 1452 14116 
2222 2989 2410 9652 6925 1151 4780 11950 
5060 13354 13293 14051 10146 10066 16205 4635 
5071 15029 4162 3661 1456 9830 13662 2182 
9080 302 8027 2754 1162 6118 5177 5300 
11209 12748 15478 11165 7966 13175 664 3108 
2631 14589 10442 9054 15883 7887 8491 8460 
16344 5005 16076 10789 799 1563 3006 8883 
12332 1556 805 15249 2751 3162 1824 7244 
10364 15879 5219 725 10333 9447 10280 503 
15563 6928 13054 14654 15403 9969 1291 4323 
1147 3209 11038 1161 12714 13206 15964 8898 
8937 11178 14274 12599 10115 8944 1958 5884 
15402 8046 1785 2193 9705 8202 11513 9836 
12361 208 3439 8840 10821 5527 15292 10875 
6853 626 2122 8853 11728 821 13698 6382 
6751 12652 11440 14717 7317 6865 431 12488 
11367 4825 2514 6518 3197 8557 15594 5984 
15559 4357 14725 4522 9426 7752 11955 10590 
3873 15100 8662 1926 5424 293 8864 7314 
10690 784 6742 2382 8198 7770 14610 13844 
4085 9073 735 110 7848 6941 7037 10755 
15061 15835 15325 4463 10965 3664 6385 1012 
8806 4805 6226 13618 8219 15689 7018 14069 
4056 3808 5672 212 12314 6064 8467 9181 
9392 3278 13419 8469 10801 167 6309 12764 
16003 4515 14888 12988 5048 10612 10120 2842 
9887 6923 11788 14747 369 11594 2425 12424 
13668 12022 13775 6709 9200 2639 269 10705 
6984 14961 4438 4649 4801 12093 11119 6183 
9321 13453 2256 7503 2482 8569 13999 6998 
10417 15379 10362 12523 8891 6524 5198 6467 
15508 16223 13536 1194 11211 4276 11635 15946 
15201 13646 12083 8770 6576 14307 8342 12253 
7331 14156 6 5154 11772 12359 13758 6316 
311 5207 5698 4865 3967 11195 1555 9811 
427 2657 13144 11082 3919 7028 11737 11718 
7133 7084 13820 16127 12164 13385 7019 14645 
1698 6048 14236 1862 10502 776 546 13859 
1054 7229 8309 13133 11220 4806 5565 7184 
8489 3549 3015 8677 1023 4470 13835 8982 
15236 10495 5508 1653 4628 6157 8861 13687 
7113 11492 4765 3667 15695 15494 477 9436 
4130 1199 11530 4255 2909 87 7941 16255 
10867 272 6600 4524 13664 16304 8622 12208 
9734 4082 14218 15432 12524 164 11750 11894 
3995 14502 1454 15042 5099 11159 14841 14438 
10880 277 15131 832 13985 14440 5989 3927 
11589 930 5403 13348 5193 10326 14983 1127 
5893 541 1584 10914 1591 10861 15294 10728 
4879 6387 6247 15897 13468 162 2370 3071 
4306 6497 10869 450 15919 91 13139 3009 
5725 1755 16077 13338 8598 9964 8063 3736 
1963 14096 6454 15337 8325 632 6381 15314 
424 6901 8969 4279 13393 12716 8654 11626 
5160 1358 6619 2959 2813 12233 7222 4709 
10530 1966 859 1305 13589 11130 2730 15371 
511 15941 8006 13113 2164 13406 5830 9698 
12737 13300 154 3417 14569 2310 3407 13920 
1564 15285 1576 16379 11751 16011 5861 13233 
1665 9986 6040 7959 4820 7164 10218 10870 
6845 6892 14119 11221 9622 13621 12089 1514 
12606 1583 7741 9912 1341 1586 8573 14999 
7942 14417 1084 6828 624 14800 9429 6230 
7882 11427 2171 12354 706 11202 7194 14118 
5797 15160 4810 2031 630 6776 1702 10512 
16188 3243 16267 9255 8958 688 13089 13776 
12468 7054 9067 5764 2454 2451 2928 8502 
627 691 12649 1042 6487 12728 2023 10097 
1519 10661 3779 2282 2372 16253 9365 4347 
15215 10381 12263 11462 5316 203 6138 11916 
12558 1679 15142 11346 12235 15467 8301 6227 
10560 4172 13703 428 7158 4268 2494 2235 
1750 13040 14567 11012 14998 15862 2852 5948 
11286 5226 16331 12496 14032 3117 8307 10327 
4232 4111 14296 12252 15662 185 16138 12775 
12255 7391 14255 5937 3721 7023 7680 8556 
10888 3163 4340 10132 5311 16265 6448 15356 
6914 923 6920 10573 11336 4013 11725 12504 
8062 8376 13777 11506 12408 6747 4960 13212 
8881 7909 14992 7687 5230 11031 14830 15625 
5328 11672 14390 1770 14497 5926 286 7575 
2360 11966 12161 2518 7728 2520 13142 929 
10731 3942 5374 8643 11842 3548 9775 782 
15798 6191 2710 12350 3192 13459 9646 13069 
12736 7115 15488 6903 775 2659 11974 14842 
9229 9608 12451 14578 12960 15319 15721 12755 
2132 7399 4127 261 1500 10655 3554 7832 
14180 8887 5019 3991 2960 11942 3460 3221 
5938 15880 14573 1717 12061 13032 15749 14591 
9936 16370 3161 6970 2139 5002 2635 7585 
1090 15346 15851 8678 10439 2395 16133 3691 
12073 1096 3025 7215 10704 5629 11491 9934 
1787 6723 8381 14370 9004 11499 234 12762 
9932 4187 1327 12105 9010 6278 2087 12229 
2615 7357 11896 1079 5361 13864 4928 11537 
9480 13262 3064 5844 14777 13390 5473 5670 
8120 15464 5648 15081 10463 10923 13790 172 
7584 12675 4874 2061 5344 1293 2806 3849 
14687 10247 8971 15534 10311 6201 1362 5817 
3181 13085 6639 12939 6286 1137 16074 6924 
6388 13383 6012 14790 13224 780 5977 10290 
1747 4017 3806 3746 13227 1218 11328 8201 
11753 10306 6290 205 6372 13376 15548 14887 
3830 5967 9220 2874 7196 6655 6072 5611 
2304 1124 954 8157 6153 9353 405 4556 
6022 15184 8650 4376 12156 6179 10357 2248 
13940 6652 907 15699 16226 14076 7742 11435 
6618 13471 14191 4768 8532 11514 6312 12946 
2766 12583 6717 2720 1354 10252 2437 10527 
13399 15998 12795 2773 1841 4296 1036 14354 
11700 4748 6727 9437 11755 4310 10547 11691 
3809 144 5500 13998 8748 3481 3265 1774 
260 12681 1886 6536 4199 5870 4741 7883 
9060 10959 9596 10760 6101 15688 7588 9458 
1629 4564 13724 6370 15653 2278 13782 12954 
3477 5108 15445 3890 13228 12989 7193 615 
15655 3352 8744 4791 13988 6368 7353 11993 
8240 6809 7881 9487 6313 2848 12598 15766 
5602 1246 9184 8519 748 3311 9539 13938 
14114 12684 23 8617 5381 12603 2948 1726 
10830 12249 14781 959 4144 14442 13380 15262 
13087 5006 2404 4421 9063 5901 532 10773 
7488 7537 4514 307 8065 3767 485 304 
4953 16130 13608 1772 2335 5359 15675 6906 
11484 2434 3562 6301 3379 10626 14853 15853 
8702 9871 15899 15528 15898 9395 9282 7148 
5209 6894 7719 1676 11519 7407 2501 15833 
8476 9068 5347 12289 2758 3323 5997 14399 
5929 3512 14620 6041 2111 3699 13026 14184 
11922 8977 10996 11908 8533 8733 9920 15922 
11230 11661 15308 11670 9939 4586 7651 10363 
1473 11151 10341 8372 409 7804 9618 14829 
5922 1952 9059 2134 5528 14408 9055 2818 
12411 12345 2581 3738 5009 1176 2857 16209 
11413 4607 8950 7066 9138 957 7450 2750 
6973 14613 270 5470 12739 5024 14749 9335 
5215 10786 662 2199 12589 6043 15866 6718 
8329 10650 2889 2986 787 2055 13220 4419 
9251 14490 1795 11887 395 1499 12844 5145 
202 8144 12316 2203 6010 268 460 4776 
13831 13626 16093 2112 15175 5820 14821 7024 
10189 506 14494 1381 11592 14605 4546 8005 
6038 5710 5394 15296 13486 6870 12889 9994 
1236 9418 5928 7192 11180 6693 3293 1715 
11841 4919 16207 5450 12909 9581 3751 5894 
14418 4948 4366 13971 4984 16366 4278 1091 
12020 9917 13970 13499 8084 14028 4318 4577 
15241 5322 14619 385 4927 5996 2757 11289 
4289 5441 10683 12746 15857 3075 7721 9485 
12712 12281 11705 4281 14026 5221 2301 5370 
3623 12026 127 9122 4234 9760 14330 3715 
9210 13802 13747 14280 3461 15674 15650 4712 
6744 10622 7710 2496 15812 8854 12427 4101 
12137 14291 9607 1869 1893 9044 16245 13478 
14112 9223 7756 2013 1998 2810 10770 4861 
14680 8700 1321 13753 15816 9452 425 1921 
7827 9976 7843 7224 3435 8495 16012 15136 
14204 6581 11669 3329 7485 10750 11084 3348 
6181 4096 7617 2009 9741 3657 1295 7471 
9420 10492 998 10971 1389 11455 10758 244 
6347 4349 8713 6155 8596 8980 10000 1793 
9199 12035 11769 5728 5916 6884 2089 15850 
7969 4356 7316 11545 8538 368 1855 5092 
3031 10043 8862 13655 2316 16263 15113 9597 
5643 9379 6477 2825 10135 13889 10987 1326 
11330 10623 6376 12291 1048 6748 12282 11970 
14300 5290 15826 4052 6361 14193 3211 13815 
8074 10485 15957 4436 8475 8724 1982 13019 
5770 2884 5064 3358 11133 4932 1093 5130 
13974 2537 7823 9277 9108 5309 1058 1634 
3409 11404 15205 13732 10687 5205 12014 13134 
10852 983 4317 3022 444 6292 16281 3219 
13919 2423 11013 1470 13578 5418 15339 4194 
6007 14710 6015 11989 12178 13045 11019 11969 
9286 5354 12287 1956 1574 4393 6875 10663 
11770 813 415 16368 5622 5968 14003 7321 
10161 15658 3486 13197 6804 13822 8408 5079 
2892 7413 13599 4429 3129 6912 12566 6890 
7783 2873 13689 15200 7310 10426 1819 11618 
4663 15436 12112 6162 7922 7717 7895 5045 
12327 1706 3068 13538 5208 599 5598 10289 
12007 3867 15363 6836 15088 13679 11399 1532 
10961 14149 11733 5580 13195 5014 14757 14967 
3982 10380 3300 9802 2538 8541 8572 13681 
16097 13062 1013 9435 7529 9079 11375 52 
3106 1475 876 2309 5013 3911 8432 12923 
8019 13959 10993 13590 4095 8599 7239 4902 
16110 10457 7699 13539 10108 4120 10188 5753 
6614 4018 233 14320 8624 8933 3631 8529 
13624 14000 13493 2488 13334 523 14618 6621 
1078 6056 14206 6768 13340 12217 7341 10732 
11475 13773 12812 6389 14458 7793 11495 10234 
3777 2938 5325 8874 8393 14819 10944 16333 
5237 15580 9908 13601 3455 2237 16021 4934 
16355 6514 3172 8455 14237 13644 4215 3039 
5174 2401 2296 5112 7925 765 3430 4471 
4311 5915 8338 3201 7319 619 12768 7306 
10069 10382 12315 10918 1086 4004 10727 8510 
2560 2329 14901 11712 5607 3530 11943 841 
2755 1294 5599 9883 14221 1494 4550 747 
4972 7525 9779 16183 3673 14698 2268 3941 
5407 10631 12139 11452 9496 4087 11203 6513 
14703 4021 5420 2343 3447 3250 14904 7169 
8728 14656 15252 12305 16111 8494 12678 14907 
6097 13005 14338 948 13570 11269 2895 14558 
14775 3599 5413 7088 13752 11356 3371 15251 
11511 2777 9807 3689 9431 578 7982 8795 
10400 1398 8129 16132 8657 4856 7904 12037 
4611 9690 1938 2706 7048 13021 5988 10561 
6859 9339 10794 6358 2648 11390 2723 4668 
12122 10484 7393 4882 10024 12709 410 10664 
4959 4224 3951 6418 11839 4762 318 2552 
14125 4169 7998 15358 11419 3555 9028 14225 
10668 15627 12529 6252 5227 14050 15887 8792 
4373 15188 5298 9269 9826 4148 14835 10059 
9201 7119 10969 7631 14413 13716 9686 4929 
15032 15756 9317 11771 4591 12201 12485 10076 
14741 3753 9676 5776 13771 12472 5248 10762 
3298 7946 498 5050 7238 2617 2436 4225 
2183 11353 15713 3575 4565 6410 12259 1949 
13319 4849 856 2999 12688 14796 4698 2641 
7261 12108 15139 9990 13440 3487 4028 5827 
2644 14896 995 4559 5464 200 4887 7409 
8661 575 16381 3179 14798 15155 1412 8216 
11565 4747 3692 7489 2652 7287 15617 2095 
1605 11898 3289 3521 8789 6876 4772 1847 
9805 10287 6978 15106 8929 11479 7644 1608 
3876 2341 3345 2863 14107 3863 11113 15310 
11016 5294 8302 15592 828 16362 6994 4687 
8772 2091 7241 7473 14621 11110 16215 11636 
4176 16193 14776 5212 6797 9304 10840 15809 
15902 14059 10116 14020 5242 1307 12428 10911 
4841 14123 9962 3552 15003 100 1720 2655 
8433 15269 13960 13748 9370 6160 8018 2446 
4290 9154 9765 6280 9033 8087 5693 1420 
6940 10335 1400 5537 4506 4386 7712 4286 
897 11469 2969 9865 13796 4990 949 15852 
199 13836 8170 9712 4298 14084 15313 11458 
11204 4673 15532 8889 10090 9593 2166 14519 
1156 4045 11483 3633 6121 8437 13997 4838 
2128 4125 14554 10387 6228 11967 15078 4412 
9029 13658 15216 9719 4464 7112 2447 4381 
11313 14495 9086 5639 3597 5291 974 7030 
7707 3135 14576 13984 3558 16283 2544 13904 
12843 16179 5608 7453 2142 6409 695 3404 
6032 15105 14949 2921 13130 6861 13103 12507 
16277 12377 11868 13465 9352 9095 11223 7620 
10118 3438 13462 7038 13033 1749 11671 3824 
529 13249 4998 15481 3312 13165 1380 4769 
6789 15372 15316 7550 3472 4442 9204 3055 
4721 4885 9449 8123 15960 8245 16010 4283 
5766 8740 8014 19 11680 11317 14322 2044 
4451 14456 5284 10831 8232 11664 148 15253 
7217 15731 9039 7702 15577 9166 1922 8899 
5128 6042 3427 1697 15613 4598 13757 6855 
6683 1700 15109 1798 2768 6051 11501 8641 
7530 7527 11335 4352 3067 12972 590 15424 
1594 6764 7970 6332 11688 3502 13242 180 
7768 10401 12743 8146 9780 15802 4417 7753 
13685 14737 1446 9468 3150 12010 8852 8914 
12859 3789 8368 12704 11116 2148 5203 1872 
857 8942 15973 5746 9625 11873 11572 9212 
1347 14894 922 15487 1315 1624 3643 9710 
11985 4239 15304 9390 672 10324 4614 9550 
6992 13498 12318 4448 10856 12506 10269 4536 
10500 13699 14921 3501 15939 15906 2642 4669 
13768 9900 1235 4587 16325 10766 3226 9882 
8275 5113 2438 8108 8172 6945 12860 8880 
5183 10208 10466 9213 11810 13604 15978 3604 
8649 9820 11226 479 1781 2012 3218 9738 
6996 5445 4188 9790 13101 13907 8884 6625 
14496 13281 4584 5015 14531 7531 13808 12880 
9432 6769 4901 16295 2243 2181 300 11406 
8807 12204 5146 2168 7972 32 12631 11805 
7663 15240 8843 13263 9274 3287 15570 15819 
8975 4684 9127 1302 7132 969 15669 7251 
8579 7213 4115 2327 7464 1094 14982 1369 
13651 10685 4378 10315 7596 13426 2263 2993 
5210 3479 4026 9056 5758 13894 8114 5168 
6195 3908 1650 9081 10660 879 861 6835 
6069 12197 8785 4428 9998 2073 2529 1632 
11541 14231 6605 2831 3638 5390 15632 3388 
14942 12090 11061 7259 4604 3711 4814 106 
6760 9647 3882 4609 1056 13114 1188 15443 
7257 363 12782 10753 3973 2997 13672 2333 
14134 14163 5119 1807 16230 11426 13253 14659 
5751 7886 3793 7718 8417 16028 16136 12679 
92 12862 11378 8810 15642 6091 7773 11928 
11095 6817 5943 16345 12638 13742 11268 10100 
4594 6857 8516 9048 6631 2249 3133 4065 
13899 14601 7912 10469 7204 15 13876 9369 
14582 4608 4807 11574 3821 6456 8126 13795 
8805 5569 11134 15017 12732 2611 9744 1050 
2828 2582 3743 6060 4220 4824 12607 10354 
11654 13923 8819 2337 5457 1692 5404 3242 
7491 13556 15956 2066 284 11610 3462 7398 
15718 8053 10215 11198 8131 16278 13266 11865 
1439 10633 2206 11045 11097 16256 13378 2413 
12936 10205 723 8182 8 5912 11490 10144 
3043 989 11884 1251 5277 9978 10788 15348 
1360 638 9308 14699 11879 13510 13294 3366 
6648 5972 6788 16208 5462 2869 6163 6036 
16156 15135 2212 6468 3773 13051 9833 10796 
11366 14011 5231 13877 11274 14226 7671 13173 
2082 7055 14964 6573 5406 7427 14355 11790 
15446 13640 7136 7201 7152 1426 13791 6767 
3614 1840 14383 5798 7231 12569 16236 16022 
15085 1891 5849 15381 12572 11736 9693 15536 
11762 6577 16044 10761 5601 8030 10673 14868 
14374 5778 7434 7962 16383 8953 1870 2781 
3676 2888 4025 666 11871 408 9592 433 
10970 16319 8242 10696 11915 10897 8751 13490 
1859 6821 14600 11243 5689 2988 5800 16184 
2854 14430 11798 6415 7185 2330 4362 2195 
6946 5917 8499 10008 8150 9679 4733 12759 
8802 993 13046 1846 3069 5553 12964 14014 
13616 16372 15881 6602 729 3325 5825 5999 
12661 3551 4403 6439 12548 5872 8032 11616 
16048 16361 8987 9959 10699 6100 7268 2740 
3608 12418 1802 9217 9172 8466 12446 6235 
1894 12183 9408 600 12829 11621 1511 11685 
7335 13723 7417 5167 5749 11645 8986 1239 
9583 12228 13587 6582 14767 9925 2747 8619 
9953 10207 7797 10070 8829 2100 9444 6753 
4443 1773 12126 9888 12155 13237 3245 14275 
11995 8906 5704 15202 15204 2503 7308 6960 
12388 15347 15942 11983 14245 6471 34 2344 
4619 10179 9412 14898 5969 12353 13480 10399 
2942 9337 13276 11241 5046 6710 1845 15060 
9042 5491 14068 11917 14373 13607 6932 12357 
12959 4739 1779 10409 2236 9537 2030 5808 
14694 11939 5814 5944 9368 141 3229 2375 
4729 8590 3680 9000 1498 1535 13444 11497 
8487 5058 15002 11109 763 4300 13956 5025 
8453 5433 9367 13482 9295 13916 13238 3930 
10757 14994 9577 8322 1725 2346 1611 5317 
1474 3507 11334 7095 2107 3346 3901 11515 
13257 12085 8090 7269 12994 7078 10288 11485 
811 9093 6114 13270 3459 3827 9296 11951 
10841 15298 3132 9481 6088 9897 8935 8235 
3050 5723 13420 979 8552 6810 6905 8988 
1487 15554 653 7080 714 6378 15497 15788 
7898 1752 12343 1039 6597 5965 9045 24 
5442 5716 9249 5866 2784 6259 10621 214 
13496 3709 12334 7629 3216 7583 15997 871 
13258 11199 8485 5477 3049 10928 11881 15601 
5026 9228 3154 5147 9720 16194 327 8750 
7344 16294 14034 13611 7463 2508 14688 6635 
8780 15813 2231 6274 9874 12930 6152 9653 
13017 14189 9472 238 9424 6595 8137 6942 
287 9839 12141 5815 2254 11634 9237 6705 
11037 14754 10300 421 1484 744 6720 4452 
9474 3675 9386 14586 13008 2673 15679 3582 
6242 7126 6689 5898 8066 9 5363 3639 
12117 15486 14681 98 11919 11546 9159 12309 
12538 3772 13968 2157 12750 8013 2722 7854 
13246 14766 12136 637 15505 8033 9873 10597 
15540 4958 3745 1257 15760 943 75 1537 
7326 11040 3327 5364 5246 8055 1011 15557 
4513 2974 4010 10957 4790 14361 7621 10494 
5668 9208 12822 6730 10629 4968 7934 10078 
6373 11801 3380 7714 4809 11364 229 622 
1105 7243 2801 6755 11693 16081 16170 15213 
5010 117 9300 1296 13331 7949 1334 2566 
13108 933 13203 13010 9948 11401 11298 12876 
7738 7961 10617 1207 12244 15116 3671 14161 
9507 16291 8832 3360 9636 8405 12962 14484 
4920 1210 15824 6306 5315 6873 4212 12333 
7440 12624 5252 8709 2814 10110 1010 12272 
13210 2800 5848 15491 7266 10002 628 8949 
2713 2466 15527 607 11907 406 3585 7963 
1088 7600 15447 7492 755 6622 4411 11815 
400 11543 10036 7083 2930 2150 2460 14018 
4202 13034 8768 4402 15860 15864 4250 2416 
7724 354 6480 8036 11990 14736 5993 129 
16020 1063 440 1322 4063 14316 11065 1638 
10307 5900 6987 9538 554 11320 8735 11630 
11532 13692 7043 15275 4499 1169 11852 2856 
15052 11251 14027 13464 14787 7063 4593 13875 
1238 2891 16353 5700 5159 9356 11569 7278 
11707 12081 11947 6762 5720 15273 3403 10117 
3019 11463 16239 367 4067 4329 7483 14187 
14364 1449 5940 439 7421 1957 15668 10176 
10377 875 997 13969 15877 3520 16116 13702 
4374 3024 16006 6446 11287 10338 6451 2420 
15000 7606 15948 1876 3931 12251 6592 10305 
631 2765 6458 802 9586 9624 13230 13528 
7546 13754 12520 8196 9864 13622 4880 12267 
12998 10267 1208 14072 7508 9724 7059 677 
7234 10963 9448 2362 16186 8669 13303 12109 
1486 4873 1275 917 12384 6031 15529 9875 
5032 13517 5011 317 11660 960 5494 6695 
14268 10522 8229 12535 13819 1026 12865 9800 
8149 7373 4544 1044 12903 15984 722 3766 
15888 12511 3452 1323 5655 5596 7349 15444 
8680 13213 6426 3260 13351 13927 3825 3893 
2966 8918 9834 12238 342 4409 16275 2929 
5731 13797 9325 808 14174 2192 10317 6519 
4657 11905 14526 5945 15330 54 411 1393 
10497 9594 10192 12143 102 10828 12564 5310 
3952 9252 5927 15525 1035 14990 4336 6164 
3097 568 7346 1696 6965 7920 902 3079 
2444 9099 8994 8094 3304 12888 8127 8168 
2805 4829 4165 6453 2473 10071 9381 14214 
11156 10942 2525 9115 2703 2622 9804 10072 
9189 8064 6872 16100 4538 9301 1916 8107 
2068 1164 4766 9454 11127 6886 2205 11997 
11252 3801 4884 14213 7985 4571 612 5717 
1072 15840 7528 3897 5846 11176 13560 8711 
10903 12475 987 9193 14141 13377 7404 2785 
6331 10334 9604 3902 14510 1900 6320 2001 
4143 10754 819 14212 11973 3256 11640 12481 
7765 8581 12665 15947 7260 15743 8504 7650 
7730 8512 4654 3425 11585 12005 2762 2430 
12346 5932 12933 12940 1022 6680 4909 12448 
3713 16037 10212 15965 13594 952 9244 1112 
10405 11071 5021 11017 8554 7275 7011 1616 
1943 2650 1542 6367 11365 245 769 6474 
4039 9005 5859 14266 15980 4779 16176 6298 
8490 15226 12220 12260 9009 16279 5985 2062 
7125 3840 8088 2819 7180 9489 9299 2113 
7786 2056 7410 13225 8931 6696 5356 12187 
5020 6434 14607 7996 222 8769 1123 5843 
3406 10777 6412 108 3879 7951 15016 14343 
14752 9336 14509 10896 1842 12544 15341 11834 
10941 9470 5194 280 6830 5540 6173 14989 
10486 14216 9692 7312 1139 3589 13379 15086 
7096 6642 13910 4385 10951 10345 6728 1029 
13736 13470 9460 12134 14126 9118 426 7178 
15232 10412 1710 4760 11394 8547 3441 3810 
5924 14267 4540 1382 10878 8754 14735 6168 
2462 4189 15539 14425 14695 2994 15884 1317 
2305 10526 14265 10358 3948 330 10304 12172 
3337 5841 480 13188 3286 6844 8457 3063 
12967 6379 9464 7616 3255 2947 8739 12404 
15654 6692 8204 14997 16354 3397 2877 13878 
11027 4907 15564 5380 9273 12735 1986 10254 
545 2369 13288 11739 10122 11540 7315 693 
11590 7114 7760 5431 3279 2931 11780 10860 
6608 3372 11441 463 1823 9388 15456 8558 
14895 8536 8633 1552 13852 5840 365 2140 
2032 345 15900 867 13957 2769 5863 7829 
1969 15302 4175 5069 6879 5414 12770 606 
15091 13111 12441 10460 4307 8424 741 8524 
9383 5733 13843 6860 13 9206 7209 8663 
9870 4789 9512 4554 13029 9366 5141 7755 
5538 7467 9362 6425 6486 6606 4794 9119 
2152 8696 7188 7396 15794 5722 355 4325 
9334 9661 824 15383 13638 16139 7248 6763 
11608 2791 15685 5661 7013 2147 10643 12868 
1504 10257 11249 14385 14833 11403 3393 9655 
13722 1805 13199 9530 11548 13816 3706 9880 
6254 9385 16189 15179 4589 10694 9859 2049 
13821 1143 5852 4226 11752 9403 2915 41 
10793 12017 4568 7240 484 5792 7324 4206 
4161 13637 7363 2632 384 2380 5878 16054 
15618 3581 7460 15457 38 1866 8660 4977 
12701 1187 2196 16001 4032 2242 12509 508 
1689 8224 1990 12200 12554 1554 6408 6674 
15288 3574 9015 10585 15930 11486 963 11655 
7842 7761 13322 12653 15549 6790 5326 15530 
12927 6203 708 7104 7679 5786 8413 190 
10638 232 13435 5349 7377 11559 12685 4675 
11623 7375 7852 10259 10425 5529 6646 7868 
9793 8327 13415 11348 2956 2656 7862 14764 
14097 618 13118 1287 13667 15125 6011 1884 
12476 8356 10009 7406 15795 2373 9180 12636 
13402 8674 1628 10015 6494 11596 2917 2019 
12913 10147 8756 3344 7445 16261 8870 1596 
3679 7329 16243 9311 12457 689 1964 12265 
15183 2668 4163 5524 5355 15885 3892 3208 
9643 6699 5455 68 9795 10430 5960 1733 
2028 6517 15211 5312 13454 11767 14508 11783 
5135 4610 3934 11946 3877 14371 8602 14130 
4006 2541 12214 4581 1311 990 7903 8788 
8741 4898 14144 2045 14040 10137 14426 5931 
12695 3531 4331 14549 877 2669 7012 788 
16343 1912 12390 10719 5332 1059 6820 8340 
3373 49 3630 8655 11678 8777 10906 11918 
12643 9559 12754 781 5150 11266 13952 5795 
10902 6704 14348 14131 11869 2619 10351 6754 
213 11275 5837 8003 3212 2528 13395 2253 
14082 7168 4676 9254 9743 1241 8636 5774 
9525 10980 1668 11179 13744 8025 3527 13683 
8332 4273 13825 4891 5558 13039 4147 14604 
14294 10489 549 12789 14137 11960 12285 2011 
5613 6966 14838 10309 16247 15917 7206 5484 
8563 13405 13991 10910 12072 15736 13159 15271 
8017 2191 2258 7509 5979 13725 2315 14553 
8335 11023 10538 10666 16167 3244 7907 8278 
2859 4474 15223 10756 15284 5651 15229 8652 
9328 7543 11368 3143 833 3532 4185 7549 
12951 966 5245 10395 7612 15759 12980 1361 
6991 8256 5421 13992 4665 1405 10540 14285 
13824 2952 12845 10536 5875 7948 387 4246 
380 14124 1582 3938 11183 3444 14930 7032 
3606 944 11052 14378 2359 8841 4941 5632 
10729 3292 14360 10575 10420 13873 446 1736 
1742 6050 15180 3682 8993 5268 6734 12118 
9216 5510 8567 4545 9104 1953 15134 325 
16190 3506 7 14575 5885 4808 3257 5588 
10780 13912 658 13321 13532 195 6112 11207 
10648 3434 589 15360 10791 10898 14319 4962 
11412 10171 12082 10313 12788 3465 7342 8054 
10134 2876 15791 1669 3888 12326 10251 8156 
10415 4640 9849 12651 16302 4723 6588 11222 
9687 11004 10509 899 10454 15542 9313 8682 
11244 11079 9378 12931 5327 10662 7276 7245 
8024 4798 8759 14331 11316 10504 6337 10037 
1520 10809 7079 6722 7515 328 7860 73 
14518 7609 14081 13150 3591 13833 10 7200 
11477 10508 6761 5727 2733 7722 5963 13677 
14075 14543 14420 10164 1001 11715 5319 15836 
6107 2851 14457 4732 10855 1937 6443 1145 
2885 10535 435 12614 6672 10708 1240 31 
5206 9218 7345 10707 8461 9319 4396 5732 
4309 3646 2259 9302 9715 7965 665 2608 
3280 12816 3566 4238 7035 16150 6740 12879 
5513 4033 2377 12474 12841 5378 1407 14505 
6469 703 8344 7299 810 15321 1021 15616 
2829 13947 1570 8118 7938 8603 3173 3084 
16068 13127 14423 1744 2481 5521 7435 16280 
13287 11568 8796 12761 12595 6935 3947 10613 
4211 461 7734 2392 4823 5560 11998 1617 
15297 8760 14628 13311 5179 15157 4819 8158 
6330 2599 5188 14098 14986 10883 10882 8095 
8888 6952 1680 16049 7446 11774 12976 16276 
10277 9513 12680 12522 5794 9097 4749 1080 
12767 12645 6553 5847 11531 1972 15477 8876 
14615 684 16316 1212 3971 8820 14474 14786 
11429 6116 9462 5899 7144 14962 11169 11909 
13093 10368 2396 2822 14574 9141 13126 8317 
4964 15739 13272 7197 419 3421 509 1493 
3004 35 11658 5037 8099 6713 10182 7981 
15638 15579 5807 13879 14702 6427 11388 10744 
1410 1215 2799 5446 4869 1113 9753 11172 
1019 2476 2234 6963 9529 123 2893 6407 
9123 1488 6220 12236 3035 3986 2636 16019 
12731 15569 910 10396 4121 1250 2681 2214 
12978 915 15666 4512 468 9669 885 11471 
15258 16206 1976 10771 2896 3273 6340 256 
605 4487 15832 8056 15849 306 4440 10876 
9547 11971 14788 13562 16018 4688 11792 14138 
3062 1658 3769 8247 1852 357 4775 7049 
2264 206 829 13786 10128 9257 15837 6256 
15856 7146 4016 10153 1140 8259 4068 8370 
13509 10904 8098 6902 5454 6078 11722 16065 
9817 14475 14091 1202 8712 12373 6944 16056 
396 11820 15162 3541 5609 14910 12981 14588 
12068 9486 12310 13191 3295 1854 1901 5516 
12184 8833 2046 4284 4107 366 11453 14697 
5430 8965 8872 5964 2924 15480 7365 3390 
10889 10422 8535 4446 560 9359 16334 14318 
4257 14273 3284 4344 3534 10583 15608 5701 
7304 8637 476 12051 13838 1545 14834 3252 
7210 10365 11166 15893 3976 1566 9564 8676 
11972 12734 8808 1401 12672 11866 3733 7263 
6649 334 11326 13884 13714 2753 13250 9885 
6694 2131 6436 11155 7876 7419 2725 9971 
11162 1089 5532 4043 2693 7110 1273 11451 
14965 12489 3332 10499 4410 7272 8597 9232 
7571 1425 15013 15834 7689 14004 3984 7117 
6151 7500 4159 7202 7235 13058 15639 4233 
6856 15938 13857 5490 12335 1856 14631 7029 
2502 14761 10030 14396 10027 9183 3411 4149 
7573 4738 137 5501 1690 210 8762 1097 
4244 2274 15605 16177 1081 11731 11218 3861 
5272 9423 5718 1509 12174 893 10881 14434 
3276 14987 13561 5850 10681 9696 1661 14639 
13650 2300 10658 8801 9713 15610 3495 2043 
15166 4851 10833 2564 14433 4230 11482 6398 
5367 3988 1178 5382 10813 15796 2870 3058 
14030 12188 1421 5047 2868 7695 2302 8345 
15935 1904 5936 7638 3225 12973 10260 12791 
6849 407 8816 12040 9759 6562 8865 7967 
15388 9511 8492 9884 7430 5118 12227 13418 
4263 5812 13761 13596 2477 9094 12452 13541 
1423 4099 14257 11058 7749 2647 10952 6662 
14487 4368 1034 1776 6808 15170 15395 525 
749 9003 12706 10779 1359 4297 570 14253 
12349 7694 4326 1538 14513 13367 7072 4034 
9835 3640 13830 2627 9543 3963 9393 13403 
4184 4229 6374 7153 13678 6815 2321 12809 
11018 12919 13663 5617 9250 15815 13519 9989 
2923 5695 14655 11988 8809 15780 11392 187 
189 8463 14023 10011 4569 3953 3993 14608 
5908 10926 9456 7031 10549 9214 3756 10062 
11781 13100 5170 2485 7670 2607 2435 2289 
1163 10787 11187 15189 4868 15405 1397 14488 
12922 1833 7899 2096 16192 13259 7480 15272 
13609 758 3272 1046 4892 2734 7513 8147 
15164 8951 11332 2701 7684 7108 10568 5098 
4404 7544 13291 4493 6120 6826 6609 3446 
3595 6077 15858 13427 10712 8228 3868 12070 
3621 16086 11804 10223 6204 7285 7839 1547 
1831 2551 9400 6969 9617 13425 1994 1193 
5888 6898 15197 12534 16171 12123 3992 9049 
4437 1263 12376 82 5883 3188 1818 16248 
14176 5139 12205 15362 15865 14470 564 15502 
135 11858 13124 8923 14067 5860 7608 14327 
14637 15011 6682 10180 3248 11439 1270 13851 
12154 699 558 13363 10679 746 16131 11143 
14642 7401 15839 10887 12111 12784 15882 3526 
290 16005 2440 4066 3114 1999 6348 15994 
14308 1731 4005 3978 3437 15008 14024 16297 
2523 1794 873 9344 13392 4895 5959 4682 
11208 728 11571 255 9288 6670 12543 3253 
13025 4035 16122 3523 12243 8270 10256 8879 
4218 6144 3607 11400 3889 1560 7081 1602 
13123 4478 10845 1607 5233 16134 8410 4313 
11470 745 1115 2138 451 5961 14154 1419 
13684 9256 11779 7131 5458 10938 15132 13077 
4715 15700 15165 12808 4457 8081 14641 14229 
11101 15758 10894 13316 15519 1435 5546 801 
242 7227 11521 10185 9457 11233 7438 8765 
8362 8798 14479 4272 1981 15332 12863 5911 
6743 3568 7641 12872 14459 3118 5342 8419 
14865 6063 16292 12371 8514 1598 9211 15646 
14534 5719 9648 9518 11278 11115 8243 10001 
11041 15762 11994 4639 15382 13810 713 3587 
4089 15357 6005 7891 11446 3355 15199 182 
8124 2943 6950 10263 9730 5635 8947 9391 
766 6128 13759 9227 13461 14292 6178 12368 
5879 4348 11377 9245 15503 12905 1342 10414 
6082 15466 14969 10799 3735 2697 2221 12852 
10113 7853 12050 11300 761 7481 4722 13302 
5044 12765 10634 4383 1551 7381 10167 10570 
12442 8825 8978 13389 16300 6525 10461 2422 
5638 11522 1325 15083 11433 14662 1659 9729 
11724 10493 517 7465 2907 3308 10488 1370 
13110 13012 12799 9703 7120 5270 9438 9650 
6375 264 15896 10291 4190 916 14876 338 
7181 6700 1041 4989 16349 7482 9020 1940 
12556 11859 1902 2387 4270 1062 9026 7264 
5615 15703 6377 12886 12842 8979 7914 9179 
3768 10737 10517 11430 14345 12210 5007 14948 
5620 14393 2732 5785 7265 4106 2260 12963 
3998 3584 1108 15889 9198 2018 10806 3913 
5127 10086 8616 5756 15259 15786 10781 3875 
4389 165 2556 14700 101 5260 14562 15442 
4651 2086 10863 11580 1888 12009 4070 3196 
15270 10243 539 15567 5211 2861 2143 11416 
14815 10899 4656 573 12425 13530 870 12657 
6775 3760 14469 2230 2685 5903 5856 1719 
6493 138 6645 16141 2083 2145 3758 6248 
437 15024 13332 1657 1310 10713 15988 14466 
150 6429 13713 14478 12262 14724 13050 1211 
14186 14996 3018 3041 6143 6322 8263 625 
15375 10599 5873 295 9089 6676 8060 5571 
3557 11296 15123 11175 2349 6547 686 3428 
12342 7135 10130 10555 8274 4983 12604 3176 
5301 13847 11561 12355 2897 3925 11086 14052 
2778 13364 11139 6827 11603 8640 13043 13850 
9928 9186 14763 9965 204 12971 5606 13648 
228 14511 7652 15664 14653 6044 5512 11813 
7630 4041 1516 15227 11870 5942 12159 2461 
7539 3165 10393 12256 15590 889 14211 14791 
6833 12158 7074 11824 5172 13104 10607 16311 
9792 10432 10981 13161 15461 14424 2913 15336 
4754 874 11558 12966 2746 6993 7359 8218 
2198 13544 9404 8823 14824 655 5217 8648 
1004 4494 3804 241 1995 5784 7384 14460 
9070 3070 4548 986 4324 11933 5503 7006 
8589 5088 12382 13098 13489 1619 3641 1283 
4516 7579 3316 12545 11509 12095 14099 10462 
15198 16025 2225 8472 5267 6937 1203 9894 
12192 3394 7062 8185 1536 11494 6126 11338 
6701 15708 13783 7433 12588 921 13347 2841 
4916 663 12142 9032 10905 3047 5990 1865 
10330 8106 5285 6574 6176 13112 474 4292 
7720 1053 12585 15361 10835 5562 9611 928 
15454 1950 3496 14909 6149 13505 7484 11093 
12908 3261 8717 15940 13147 12386 6620 8237 
10601 11074 11242 7352 5 1724 7767 12893 
5978 12125 13373 4629 14516 14328 12900 9219 
13983 2342 2355 11397 11170 9973 5335 316 
5324 8080 14281 10948 9149 16264 8721 3770 
8990 4146 1274 4710 7394 3822 5495 3542 
11796 9844 5559 219 7658 1440 12119 556 
9788 3920 5543 11683 968 15562 5216 285 
14010 16045 8096 9090 1588 6803 7443 8473 
11256 2532 6719 6559 3505 6045 5417 5699 
11062 7444 15764 1590 7740 4695 11382 9736 
9645 2445 9235 11968 2194 12798 4922 7602 
12385 3288 5096 3264 15916 13870 8373 3896 
3807 6580 7334 15586 6508 13265 7669 18 
5886 15117 4758 2775 7864 14627 4800 5767 
14041 9672 6021 1191 4543 3784 8665 8231 
8293 10127 14599 13972 2187 2760 9968 6366 
14818 14840 8230 13617 13882 5182 9761 11213 
10301 12500 169 1589 11468 3471 6482 13855 
6053 6262 3268 4786 9763 4133 4205 2783 
4980 1748 3862 10654 15778 7109 11437 1225 
7534 15779 15929 7777 11901 3663 10452 11257 
1335 9569 2579 11219 9952 12530 7479 7338 
3516 13577 15020 10718 837 9318 43 14504 
11761 13359 12234 13282 16342 1149 12943 6047 
6759 11245 7253 1853 7203 11742 10701 10053 
9270 9497 13554 3500 12025 10391 10016 4911 
9983 15847 13329 736 7208 6250 10424 6601 
15368 3983 7017 15615 12501 15522 4781 14380 
6806 9700 561 7737 5947 862 10434 4876 
6746 13892 8273 399 12266 10564 2849 2358 
6756 3618 10088 10501 9007 14377 9931 6959 
5134 7656 3375 14142 12023 15648 2457 360 
10745 11924 8530 5499 12215 6357 604 10767 
1763 10455 88 2123 15210 7808 9331 641 
12740 12497 27 3714 6018 6473 5126 6750 
15159 2890 1505 5180 5218 15574 13022 9023 
13447 12419 5187 4904 8824 13145 263 6964 
10084 13099 12937 13937 12757 386 14391 5690 
8767 1249 5063 3997 9614 16191 248 9069 
1158 12275 719 16125 1580 6333 6023 3171 
14877 12313 13362 2662 12288 11303 11987 12601 
10451 918 10565 10785 15472 11448 6490 12920 
5631 7633 6037 4650 4335 14272 7442 4815 
9414 3546 8822 588 3744 11173 13858 8187 
7939 12698 8166 10826 6666 6444 7563 4262 
16314 4648 11885 5715 12910 7673 10742 16070 
8915 392 8856 3207 10684 7408 945 4361 
3099 8719 3405 4399 13304 5665 8718 8206 
7557 3716 15309 15637 1005 8205 7046 14721 
10347 10383 11171 15911 9035 5834 5824 4433 
11734 14062 2288 15440 14679 961 1319 965 
12043 2922 2067 13458 3485 5148 6052 6062 
1814 7009 10919 12713 4883 10145 14016 9755 
13421 982 4288 9967 7885 14874 1049 5035 
5162 8444 12884 11814 1300 16147 393 16091 
13719 9773 542 9943 6404 2690 5080 5271 
7956 9066 4993 6081 12541 12633 2914 6561 
9275 12793 10598 9878 10219 4681 15774 14650 
15435 3080 14017 3149 6891 5223 10695 10427 
7991 11862 12423 9083 519 12202 11039 3508 
1272 6671 7665 11504 5111 10021 14246 6586 
1366 2426 4701 16102 13902 3553 5955 12127 
4136 10010 3029 15306 371 2832 14406 3177 
9892 16080 10213 3048 4012 11856 4237 14890 
14746 3723 6697 5656 9545 9046 9787 4150 
14707 3200 15822 1179 13002 2400 2379 15489 
7250 13386 4574 13557 16327 6640 7122 11190 
7880 14407 6752 10265 3473 6551 9372 6917 
7501 515 2251 7888 3491 13028 992 11432 
12824 1483 8715 1404 7021 5081 493 6130 
5487 423 9490 13635 9580 11719 5813 16109 
15711 15710 4541 863 14596 2919 3878 13135 
1651 12060 12479 2058 3445 12727 10824 8330 
188 15373 15651 13979 5682 15717 9121 9091 
349 9785 5597 8426 8855 15438 2281 7935 
16373 15191 5444 14276 1350 6589 5456 10811 
15499 1349 14485 6302 1784 10276 4384 12557 
10733 7369 3072 3917 11535 1946 5259 1656 
10901 12528 486 9177 15905 1141 11529 2602 
779 1243 12997 2159 2003 11181 1204 11124 
15059 3681 8838 5801 12115 10203 596 7782 
12634 10299 11877 10736 15393 13914 12207 8941 
13934 15221 13023 14366 16173 1168 3140 8605 
4906 3602 2583 12549 12337 7789 11562 2312 
8173 12322 3765 11776 7284 464 11763 12745 
10725 1991 5523 8238 6285 11524 2510 9354 
911 4770 1338 6094 15707 2078 16030 6714 
10717 15387 9725 5923 8961 13413 13514 8938 
7766 12391 14498 1820 13730 11321 2449 2957 
4038 11570 170 10689 13763 15844 1716 9158 
14169 11284 2836 7691 13718 3511 2149 8747 
16305 13247 1789 4408 8369 14302 11848 2834 
1329 114 11422 6344 13488 7191 4254 6505 
7659 1655 2291 11523 6989 3378 6014 7267 
8429 543 2318 4549 9128 11888 5777 8305 
3322 7645 5692 649 9305 2104 5624 5440 
2051 16023 13183 5090 14544 16096 12196 7577 
4104 10126 6182 11217 7405 4655 10807 3870 
6488 15040 9509 16094 2215 11883 6721 2393 
11234 14215 2742 2017 13975 6660 13659 9814 
12024 3231 10343 9732 12052 10792 4084 5555 
8250 7452 12477 16154 10314 12835 459 7952 
15448 3949 14074 10706 1983 10682 2774 14333 
14886 528 1480 5257 9671 10551 14048 11646 
11015 1544 11438 3959 11941 6481 8513 1340 
16285 16303 11022 682 6778 12231 4633 12635 
15628 14966 14254 2505 15683 7415 1431 401 
10319 10967 8520 5809 8745 4896 15185 9376 
2173 10206 412 10435 4293 15531 12168 12030 
12826 5067 16115 6026 647 6948 174 8835 
6137 2397 1513 7173 10829 12516 7294 5919 
5748 569 7390 9036 5398 6777 3883 14585 
15333 14227 14545 12268 9075 3028 3910 3619 
14943 9197 2167 1522 11650 13018 13060 9076 
9222 5941 10895 13479 6604 12801 14774 7094 
10087 1568 7548 11292 14008 3087 2226 12832 
14164 11138 10804 2063 13516 15543 1678 2906 
12254 724 6706 15561 4956 7145 3483 5041 
13286 2497 3094 9001 9473 4022 3628 8227 
10950 5653 3757 10046 15084 15585 1469 8631 
12356 4634 4217 1043 7871 13457 3469 13080 
5583 3011 2686 5612 5028 10810 14314 5296 
13932 6617 10618 3369 9461 13024 13546 15814 
16338 11436 8177 8012 11564 2338 29 11294 
7207 4476 2366 7844 11344 13704 5868 7747 
894 4707 9599 4019 3613 13200 12803 4029 
8221 15691 1610 3116 5759 6070 4533 1745 
15630 16337 8070 1417 13310 14899 7286 9145 
15660 7086 14389 16364 1157 8537 7928 6476 
3880 10542 10644 15890 12790 6132 4371 4000 
16159 10871 2241 7154 15523 1816 13090 15030 
13606 11794 795 13106 9855 2714 7429 66 
1642 5282 1040 8280 9397 14530 825 1549 
4011 12656 9169 2240 8645 16053 14305 3307 
9899 12820 12080 8749 16244 7425 15607 2080 
12128 14183 6822 6656 2475 676 5161 10953 
3565 14945 16042 5677 3440 3677 5475 7657 
1374 4391 3204 16152 906 9600 3828 14242 
11880 5234 6326 7987 6124 6352 5443 8102 
8071 4203 14643 7841 13512 557 16210 13497 
9950 12064 6237 10068 4641 8480 4118 6099 
6113 9515 6698 9405 11122 6184 7414 9922 
3021 1947 1182 9688 4477 1200 6405 8515 
13733 13369 11526 7361 16352 6851 14188 1618 
1871 12579 10578 12114 15702 3803 3780 7774 
10133 9040 2097 14241 1664 12211 8866 13365 
904 702 4320 12689 900 6926 14454 6489 
2515 8082 9731 4852 14489 16332 16378 4341 
12393 11349 8976 8794 789 4778 1411 10131 
12264 2151 1758 10945 4191 1027 14598 1540 
11201 6702 8705 15407 12283 8415 6465 6669 
11754 2394 7803 30 10503 13967 1527 4339 
726 8042 15097 12033 2424 12132 8766 13355 
14382 8026 2006 9364 15649 10647 12648 9711 
9107 11188 2651 11395 2117 13989 6457 13061 
2672 5401 14571 7242 7174 8039 2534 10917 
13309 4862 7923 16015 12101 14932 12375 4755 
12840 13813 1476 9087 6745 762 7436 9789 
7116 15196 12953 11508 4843 648 326 2905 
11662 9641 16099 53 5276 14785 15267 7050 
11075 6626 8183 12561 9716 1896 2081 14704 
15281 8190 6843 15392 659 9858 6848 11853 
14359 15279 12104 8421 9162 9322 13707 5660 
14071 10606 16287 2858 9338 2204 15526 13267 
6657 14995 10293 5107 6593 11465 2378 11911 
2155 10603 2071 9111 5114 14616 6943 8894 
2034 12071 6985 9791 10866 14507 14869 10576 
10929 12203 14651 4481 10410 13886 8020 10688 
3139 1709 11845 14648 9722 580 9401 7615 
11687 15367 10125 9619 9699 8112 5518 13860 
11148 13784 11716 15515 9267 9675 16330 3900 
1868 3510 1214 12341 6615 2879 7022 12145 
10441 7751 11415 2293 11036 10637 2546 6258 
12753 8253 11112 6999 1857 3381 4924 10624 
12443 572 1209 13477 12525 15495 10340 6411 
7566 3100 15429 15937 5360 669 7047 12436 
12239 15863 12414 13564 16085 15128 7731 2283 
2255 12749 11875 7134 13993 12398 1835 10543 
15538 6293 16066 16095 12232 5463 3590 12360 
8939 5350 5408 613 6335 4304 8523 14362 
2313 4905 6537 145 6931 9582 14247 14581 
14773 12492 1769 491 13721 8258 5392 14379 
1929 13660 13341 9670 9096 13306 14826 14201 
14733 13901 14277 4988 5644 9542 9588 11825 
12182 12814 12257 1429 15876 3837 12819 8422 
516 518 6140 6212 9085 13627 12632 6531 
8525 4142 8434 8896 16315 10242 11500 11008 
3648 9112 6175 1312 16016 10827 14672 1332 
11384 7376 10900 10271 282 13726 5425 12444 
2036 11510 3074 9906 13109 1138 7147 8686 
4595 15750 4753 7639 13192 4365 3377 4482 
6783 11423 9524 11906 1185 5811 11246 3478 
15303 700 13529 15369 2640 1812 2174 5882 
11290 12242 6478 1331 9750 8223 3002 3674 
4736 1935 12758 11308 1355 6166 10975 9659 
11588 10610 12173 16242 1017 2409 2042 3488 
12677 5314 9071 14535 14244 7002 281 1801 
4219 5983 15566 12690 14685 5626 10798 984 
15153 11677 1543 3847 10566 13853 15878 5832 
5275 836 10372 2492 9584 5810 16216 3559 
2843 9568 2945 10123 851 547 13442 8008 
6831 2484 14346 753 14335 10165 11684 12219 
488 1392 846 4468 2219 2317 9566 12008 
15110 5397 10156 13950 8165 8197 3933 9057 
10751 1753 7469 3236 3269 12751 9979 14397 
13070 8850 6059 3823 16008 4612 4818 13906 
3333 1320 2209 2076 2232 2670 3153 4128 
4008 3251 5434 10940 13219 7618 12317 12153 
1256 14451 9745 4726 608 7447 15714 15234 
15396 15797 8474 9691 505 12715 914 11930 
10201 14386 4139 15026 13064 15261 14133 2368 
8337 13976 4054 12478 14447 994 6279 6938 
12344 12 11886 445 1222 9656 7983 9053 
8462 3754 8220 3193 10328 1660 5920 11421 
2899 16129 11466 14682 16312 11656 39 6529 
2718 9221 5136 4364 15875 14222 1620 3749 
15111 4903 6460 4473 14365 3836 2901 7984 
7930 16105 10349 6189 11935 14259 103 7613 
8239 11686 4209 9777 1497 3725 3818 14128 
14985 14611 5735 4425 15533 8077 7532 3774 
10825 10138 14934 1636 3217 2188 8180 3178 
3464 8830 1297 9140 22 10595 4560 473 
2452 2374 4630 11342 14453 6049 7478 3764 
12225 10142 1691 4788 3454 2764 12088 601 
4943 12887 4180 16290 2729 8776 8604 1834 
2978 7744 9668 271 2227 14669 4069 11050 
16121 7061 12163 1965 1184 9272 2979 6210 
15305 3368 11323 13765 4944 1738 9445 14926 
5954 15246 12629 16320 2995 1683 2847 12950 
10915 16218 6365 7576 2776 10020 2709 3835 
7692 2782 13178 10214 15194 11577 14709 13770 
2105 9514 6185 8737 398 6233 3994 61 
6785 13187 15923 378 9041 6445 7897 13074 
8159 8265 13977 12806 9109 13387 3232 891 
8058 8635 9808 9394 5097 1848 12103 10019 
5155 11800 6310 2898 7725 7237 13475 25 
5675 14025 3328 2307 6371 3336 11787 864 
13072 5982 12195 939 7128 2418 11309 9916 
8167 8984 9399 16360 2588 2918 2771 15311 
4597 7085 6341 8083 3111 9103 13001 13869 
7870 14836 62 7538 6779 15904 7097 7516 
4186 7558 10352 5741 8846 14044 614 15568 
15782 11369 15169 9016 5307 7798 494 15120 
12975 9723 12539 6291 4042 13384 7676 640 
16114 352 555 751 10348 13605 5235 8875 
3301 710 1526 13119 15903 3416 3247 10513 
11231 14768 6221 7564 10992 11123 15913 3083 
3016 1219 3977 289 2322 15684 15706 5697 
14911 9346 9074 8199 9147 10533 13004 5110 
15177 12486 4105 8646 12230 8967 12800 1025 
11473 1461 9609 14411 8430 3834 12794 8758 
15976 4908 8300 10433 5303 4037 15738 3708 
12396 3138 5202 7360 8954 679 7634 13814 
6545 4214 320 7875 11507 297 8974 12096 
13044 2411 9350 2137 5102 14046 8139 3010 
5109 2964 11260 8574 8555 7863 5707 6552 
5331 8324 21 4950 10198 1592 14036 10524 
8544 9281 5726 7908 12004 4867 5273 12440 
7824 4098 8034 3340 1051 3370 296 5295 
5229 5075 5101 8565 9914 5423 7073 10822 
11539 374 12171 7025 10639 12312 12707 9847 
6421 3975 5054 2298 13828 4415 10726 1688 
15652 4072 15678 4531 6243 6098 3157 4689 
3577 16214 9194 15583 827 8171 10170 7857 
403 2696 5152 2679 15501 5386 15287 1970 
15677 6394 3057 2676 14282 11456 3611 7402 
9551 16092 8086 4208 9997 13579 12054 14278 
14970 15626 14299 8546 11652 8797 15603 2587 
13148 9129 5254 11622 10302 12584 15033 8488 
5743 10073 9314 597 5561 3578 15793 12473 
15704 8178 15804 9289 8355 11663 10253 1729 
9751 16153 14734 4973 656 11579 1635 14506 
9459 5258 1385 1198 5737 1031 5103 8786 
97 16185 3235 13602 2795 5225 11232 1810 
10336 15414 6338 14975 3944 5001 806 9427 
13867 4258 7672 14258 12296 2616 6287 11599 
2470 15119 4797 7165 9769 15977 11647 9902 
3283 15417 5247 12515 10006 6399 3518 6174 
8550 6430 4759 8782 13880 4358 6837 13933 
2085 6572 7233 13980 15102 7159 11149 12258 
3829 704 15054 12121 483 12069 12857 13548 
12194 8101 15019 16358 3528 6171 11910 14452 
16148 13125 6949 1652 8732 372 5497 3571 
8251 12078 2356 7580 5858 14952 7162 12717 
4053 15552 12917 8505 3859 4103 13194 4625 
5549 14623 11229 8625 8194 6270 8452 2671 
1205 15031 6245 8045 12911 14980 6503 4073 
7936 5422 9002 10419 9329 5836 11254 3690 
13463 4003 7817 11584 5027 8264 1633 5012 
14804 2459 15546 6029 13965 9841 651 12278 
7666 6268 11450 6579 7355 9290 13218 1756 
5352 12157 4023 10581 8136 7847 5572 12378 
507 10390 10294 14035 13223 12110 11932 118 
7592 499 5971 3957 9877 1880 1357 8963 
13693 13492 7918 610 5574 4728 8009 7869 
14889 15475 8685 12277 15744 7917 6787 15827 
13483 5261 1216 7498 8281 5684 4332 1873 
5232 839 5676 9561 15751 3001 4119 7653 
7705 13705 4447 7327 6219 3954 2319 7980 
11554 14240 2118 7004 13580 8113 6825 13081 
13537 8360 10783 6131 12947 7494 2504 5803 
10977 13172 7517 10924 14309 13020 2265 2384 
12221 14595 3550 10740 9554 379 12028 4966 
4705 4985 2517 7507 7978 6222 11821 2106 
14419 11035 6433 14649 9872 12924 13700 1252 
2908 3701 2272 5649 1379 15496 14194 2285 
128 3898 5616 7754 3320 5396 2554 1286 
4390 9161 8375 10258 6623 10774 9043 3966 
10714 11389 63 6637 10423 764 16224 350 
9030 9770 8755 7700 7729 6812 11014 2033 
14090 11210 535 7623 10675 6724 8282 2308 
1424 6296 11927 7555 14403 2065 4711 12540 
16335 14880 5589 15483 3466 8284 4398 1301 
2453 11827 4552 13636 4893 7820 4117 4555 
5646 8343 5409 1391 4731 4618 7432 15359 
3408 16212 5547 5336 14109 7129 3790 8706 
11957 3632 10106 5228 179 5093 11325 15104 
9259 8800 12032 8814 6971 975 14269 1114 
2744 14021 1170 13107 1559 8391 2008 15079 
14863 5763 742 898 13523 2570 475 4870 
6401 14517 9740 15217 5438 11819 4401 8811 
74 2075 10437 15452 3750 13715 13817 10890 
2623 14404 7916 1701 4123 3492 15733 13540 
13926 13729 10356 11182 6257 15670 13785 6977 
6019 15730 12983 15506 14533 6858 7279 11327 
8336 10099 13502 15775 10321 13862 4860 10709 
8316 8116 3742 5184 1430 6678 15039 6736 
13436 12702 10592 15074 1377 11976 12279 4337 
6988 3125 12921 11897 15914 15894 15035 657 
8621 10765 12129 11550 6058 12431 2663 1766 
5238 7378 15469 1571 15818 4236 12409 10868 
11197 4156 10735 14566 2763 13741 10104 4282 
11984 603 8725 10843 422 4397 15449 9407 
9981 12437 11757 14325 14301 383 3387 12979 
12682 12797 3687 8041 15431 3240 1279 12587 
1133 4936 3778 6502 3401 11314 7867 9014 
6847 382 9478 5199 5144 14151 10482 10225 
1061 5907 11258 1811 12779 13313 14398 9947 
14376 3078 1232 1064 7685 12804 16144 10308 
390 2996 4048 11962 5874 15263 6299 4978 
7837 13656 14449 4817 12902 4075 3567 2626 
9226 5068 11807 6741 2576 5341 7098 3282 
12116 5835 15991 5771 7351 3887 10181 7187 
2887 3290 14115 14057 9428 13285 15511 4700 
3137 10703 7256 7973 10312 15970 5958 7924 
12433 16202 12186 14401 2429 9453 9160 12838 
7007 1120 16140 7058 11945 15172 7166 7872 
4301 2937 15676 9937 1829 7708 14329 13324 
14711 13412 6773 14846 5166 5633 13079 1569 
8225 10428 8964 3285 11418 10279 381 10445 
15992 6603 2367 8414 14689 7812 13898 4014 
15602 6336 11708 2169 13584 6594 882 13863 
835 9125 3904 12045 16120 2162 1778 5603 
16038 16270 9266 8445 9746 15954 5950 5351 
10226 2088 14550 9683 5204 2133 12392 13592 
4221 8128 9708 13243 9502 4406 14879 6712 
10720 4122 14760 5387 6599 14182 10370 4734 
14078 2244 15504 3820 5802 9034 10092 2102 
15825 3965 6196 4816 14936 13167 4509 2172 
2667 12605 7325 11631 10089 113 1730 594 
12297 10238 13494 2141 8379 10989 7893 2860 
10077 7290 12276 3205 8418 12079 3894 7288 
10858 8893 5573 1645 8989 14973 5129 12663 
15007 11867 14592 7807 13996 13190 10039 10676 
5482 13437 8738 11666 12769 11624 7655 12721 
7016 11305 15028 11889 15629 12399 6832 823 
716 6080 5662 2210 13895 5625 2109 12640 
5781 14462 6888 11228 11271 8400 5059 15821 
9396 8667 4914 5178 12387 15621 14083 2064 
15235 11920 13337 7533 16157 14429 6584 1528 
12006 7901 4719 7565 4500 11975 12912 6564 
697 6416 2524 4890 2904 16084 11606 6933 
958 8029 6105 7818 6200 9544 14946 13449 
13315 6472 9234 9528 4605 6546 5514 3326 
14283 7553 15242 9911 12319 112 12772 10369 
16036 10342 14179 4154 15430 12505 3453 16163 
5348 5975 6630 5619 3560 14350 2553 5056 
1253 6349 2628 13400 14192 10034 11721 5250 
9315 13807 6624 8566 13612 14988 13603 3928 
258 13973 11003 9130 336 11191 10339 15329 
2016 14603 6731 13953 7358 5531 9022 7890 
5876 9821 10873 15463 5991 9231 3522 7919 
13278 9876 15641 8104 2233 4083 15482 6325 
4138 1643 7252 1330 12226 1175 11054 5481 
5712 12179 6215 9430 9629 6878 47 8479 
7955 8268 9707 11293 12669 10893 8703 9786 
1378 9809 2591 8286 12274 7681 13328 9748 
11902 8722 1663 4997 8287 7292 7255 15350 
15535 12099 13432 4796 13075 8577 8585 10920 
9268 8255 13372 2486 1761 6867 9742 14295 
15620 2303 9921 4490 10350 6260 193 2613 
3092 9767 6772 1433 3281 1098 14931 12167 
16310 12858 11775 5427 9098 7186 6190 3535 
9442 6006 7281 1364 13849 299 5706 552 
5278 8827 4434 11137 122 15752 3410 7303 
2519 14570 12892 6651 6187 8966 3685 2845 
7733 3008 13438 8813 275 10515 4388 8644 
12000 12421 15190 6463 9576 1118 5640 5039 
1817 5087 16309 3624 11520 4917 11891 15092 
13619 9929 10105 3813 531 8217 10186 11668 
6261 643 8319 13913 12519 5105 15384 10571 
11760 12062 15484 9726 11374 10013 9733 4703 
15141 15268 4355 6738 5142 6198 1267 14715 
16071 324 9493 8448 14718 13772 6169 9517 
13887 7293 999 8051 5391 15087 3669 13760 
12982 10480 11145 2976 14416 11457 11359 1984 
2867 3702 9956 3005 9879 8848 2294 4833 
4621 13549 4854 14455 15728 770 567 11593 
2788 2179 5953 10112 16137 1604 940 8684 
6495 11563 7597 5740 8610 4372 10408 12796 
8072 7796 13186 4743 7176 9360 4129 16274 
7628 7431 14663 15915 15418 1968 4074 8394 
12928 768 3101 12381 6801 9823 936 11566 
10741 16098 10743 12958 2224 9330 2276 14132 
14778 7711 8955 8290 11923 8692 5117 8877 
2160 6172 15426 2084 1196 593 11467 8043 
1018 2184 7686 5074 9347 10968 1989 5621 
4752 6267 12992 978 7785 16238 10776 1631 
4394 5149 4982 3036 15720 1304 6466 12763 
2573 10960 13037 5877 9813 14402 10925 8059 
2748 11357 37 9178 2894 15409 9678 5634 
5389 4690 13137 4380 1934 11295 14349 2833 
6687 3937 2363 5522 3961 11111 6995 4840 
5340 11789 2660 2661 3383 9889 6954 14954 
9868 10149 12246 8882 8997 7372 8195 1754 
4405 13152 3412 12152 7045 11912 6462 3317 
6318 671 7226 4360 8308 13344 12339 9628 
11766 10627 375 4097 13935 1186 15437 6633 
6104 4965 5279 10877 7140 3642 2962 4485 
8057 10057 15206 8592 4945 11730 11405 14223 
13229 5186 7795 5757 12659 6686 14311 7221 
12369 15130 4900 16128 7420 239 5241 13585 
6523 4059 16296 8186 12711 4763 13811 6927 
964 9637 8366 9236 13924 11288 15600 9387 
10178 4637 6650 16088 308 7454 1877 12546 
9749 14729 9923 3457 5419 8478 2643 6520 
6793 4044 11099 4285 13182 16155 5867 8244 
12828 4227 246 16041 11114 1213 3695 8401 
3547 1992 13473 10803 5966 14463 4742 151 
15146 12847 5678 13158 4831 2015 15295 15996 
4345 10680 13823 8821 9837 2495 9824 9945 
6732 12508 4542 4857 28 14106 16178 8916 
4812 16380 4871 11963 536 10038 2916 4503 
2802 4599 6919 15265 8249 4483 15399 1075 
11340 2683 3864 15909 12899 15817 14756 3848 
14477 4606 2216 3224 14602 9248 1316 9117 
1402 5486 13189 9988 1082 13504 15606 9101 
443 14306 6086 16057 9557 7743 6852 11270 
15420 3119 11185 12977 4976 717 12056 11424 
12438 4646 1899 8673 11696 9589 817 8079 
13241 10471 6834 3759 9907 11876 1577 11376 
14831 11836 11657 11380 3045 6583 13641 878 
467 3263 4507 4822 7590 2967 13163 8911 
10691 11595 3817 8847 14079 4275 15555 2826 
13871 12038 11785 3391 7042 6275 7466 1052 
8924 14580 12498 16198 5818 12622 13414 6197 
6323 2968 1290 2273 10114 2229 12076 6027 
5453 3223 13527 1714 13569 13350 10473 414 
694 10436 7769 13623 14005 14039 4946 11088 
133 660 14584 2862 11200 10005 1131 10246 
8075 11161 2637 15841 5412 11609 5594 15968 
4382 8606 4040 1482 10224 2531 4692 11598 
15248 15025 3798 9572 12773 11472 6308 6255 
10210 5851 243 14636 5496 880 13575 10459 
11247 12896 11913 10220 4061 6774 9475 13800 
235 14814 6715 6799 10200 9829 3727 9263 
93 12021 12580 3090 10516 7561 13076 3583 
14148 9523 8483 1928 6737 13597 9985 7535 
1951 4235 1703 6684 14797 3895 920 14803 
4102 8588 3740 8135 14922 15861 11648 11931 
462 13055 6510 2120 13981 15755 4830 11601 
11281 10359 13455 6881 6428 10398 10282 5592 
4439 8946 10832 12710 5022 11425 4367 14527 
2567 4567 13526 4108 11959 7354 9667 3955 
1799 9570 15952 872 9422 5970 7486 5760 
11582 79 9970 8464 11140 6034 2646 7496 
16009 6202 11329 7076 9155 8892 12206 13780 
8903 15806 11339 13654 14844 9182 5365 12324 
9663 10468 1911 16254 1533 12002 10355 10913 
10491 12212 14135 14666 1180 11835 7026 9612 
4601 10837 16220 4472 13240 5550 13289 15390 
7468 9810 10558 1849 4491 10031 11081 15745 
14260 9535 11454 14915 4745 15118 12149 3384 
1837 13370 12722 10297 15377 6667 7977 12047 
6663 4157 8507 15927 5952 13696 1478 4093 
5585 5935 2739 2809 9639 15514 4166 5694 
3309 5480 2944 9801 15926 6061 15634 11025 
13921 7850 5371 8169 9977 6004 15874 11854 
8110 537 1008 266 4585 11387 9061 946 
996 1459 8658 11637 842 1858 6786 9503 
12877 13128 10716 8672 8484 15635 7330 4653 
530 732 15156 574 13013 1515 15070 8085 
15845 3003 2511 3170 15672 14522 15145 7385 
4441 2998 10196 16059 12870 197 12513 10318 
9863 15222 1740 13059 8594 3086 501 4305 
701 5869 7784 14063 955 5201 1613 5533 
15051 6273 2493 550 2029 6122 15693 6109 
8586 2136 11460 9443 11059 1384 4126 3763 
15107 13441 12720 6054 13737 14178 6911 13067 
8757 14977 11283 8858 14929 14713 5552 9215 
10360 11665 7637 4109 8647 12881 2060 7100 
14086 8957 13105 4923 804 13788 15324 14542 
2037 12363 1152 5604 502 7051 9139 2041 
10531 8593 698 14 11322 11493 10025 14053 
12370 4784 6276 8203 15931 5584 12302 7068 
12849 14667 14384 9737 8630 3819 14395 10746 
5556 13931 16113 13215 3987 1622 8097 15918 
8002 12328 9575 14762 5902 5171 2024 2545 
6961 13371 1694 2135 12518 10450 11386 16237 
10846 667 14939 13251 3960 13193 4535 14883 
2598 13014 2468 13861 8441 3580 6703 2094 
13525 3 1102 13583 6017 10124 5086 4935 
12563 11444 2803 8076 14103 11979 8163 1129 
4532 5623 3310 13943 8549 2247 14714 1518 
8334 14924 11007 13221 15012 3872 15604 15127 
12670 5821 15068 3921 322 8011 7619 4031 
2427 15622 5994 5369 13551 8354 14491 6758 
1276 2022 14108 8117 15811 10184 2170 6685 
15810 15349 8061 1728 14304 15209 12063 11129 
15509 2875 7805 13613 13566 11527 8959 217 
1065 6307 15441 14421 10532 12067 3386 13670 
2389 8908 86 3932 2837 1572 7822 10222 
9620 565 15595 13639 1762 12413 7614 3929 
5980 16374 13168 15389 7986 7601 11164 9135 
14284 14612 10230 1550 8842 11227 7105 9419 
13063 2250 3227 5073 12133 4321 5220 8164 
9714 8871 11904 2682 12810 7307 15578 865 
5196 6910 4764 9192 5659 10874 1977 3645 
11778 3489 13929 12760 1827 1284 1195 119 
5729 9168 1230 14900 6068 12012 15224 15143 
3357 2177 3291 9616 11 6241 8049 14205 
1843 3616 15045 5780 14920 13015 121 166 
14094 16108 16135 7199 13056 4330 14472 14820 
1328 12999 6315 10487 14512 15312 6342 8716 
3030 1804 12160 15245 11496 3696 9984 4647 
2912 6364 6544 7635 8111 6065 629 5790 
2935 15075 11142 3939 11940 15550 3128 12935 
11782 3857 2736 15485 13343 3660 5791 15694 
125 8269 14839 15027 3034 14405 3694 3833 
4588 8925 14298 7069 11653 278 14665 15663 
1996 1959 6610 1917 11431 2571 12058 7461 
6929 442 14866 11009 12106 3475 1285 9479 
2178 7195 10029 3974 13841 3519 623 14256 
346 8817 2559 14827 8482 6725 10481 13524 
7806 913 1630 9961 6170 273 7099 10056 
15524 15237 3843 14726 9905 5469 13264 1344 
10367 9293 7506 8708 5410 14102 16107 10183 
15951 9632 1523 12113 8440 10979 156 126 
7642 7103 4579 11285 12364 3569 5120 895 
11720 9018 3841 14782 6225 5191 11370 14337 
4527 2934 7350 15974 8844 3858 15186 420 
14708 9695 11710 13086 10465 11447 15344 10331 
6074 9598 10065 16227 1353 10775 10236 2839 
7356 13666 14388 6304 8313 4582 5895 12170 
15854 8312 9610 12521 8867 11417 223 11056 
5181 9562 10049 1573 6533 13911 4181 15830 
9843 5286 11092 12848 8629 5822 10353 8402 
4414 14303 6139 14658 12367 5053 11102 14960 
12783 4952 16181 14882 449 13676 9721 10715 
2790 15149 6899 1832 12723 11297 3324 12016 
6866 12867 12738 8497 2815 2489 8349 1923 
6067 1173 312 139 13082 4696 3588 107 
4241 288 16058 13500 11799 2925 8326 10389 
1757 12885 13553 8639 13274 12577 259 7828 
5734 4899 7077 2827 10518 14640 84 12471 
6251 344 15280 15517 6611 1826 3343 16050 
7610 11001 15009 15073 373 3234 1988 14972 
11132 9242 7392 2450 11837 9935 14832 14701 
5253 7388 5304 9602 12901 7470 2699 8210 
11121 7802 13155 7648 10702 1068 142 9425 
12415 12837 1259 4155 3040 10769 9261 9623 
10050 15741 15547 6194 9137 6125 14136 10379 
7218 13649 5492 1281 6668 14624 10411 115 
5140 10550 12450 5542 15247 9409 15391 12874 
14606 10999 5577 3570 12873 8004 2441 16286 
2555 9697 340 158 3615 9501 6129 6402 
8296 1413 13697 13273 6071 5554 13563 8412 
16298 5805 4469 14551 6269 13271 441 57 
13164 8306 9850 4519 1100 12304 11882 10544 
13088 5828 3586 11259 11250 3786 2772 548 
12673 1961 2850 13375 11536 3241 10217 4338 
7332 13520 7082 14916 15066 14801 3059 9867 
7297 3761 2074 10988 8000 1918 1723 13888 
14471 5169 14855 11237 11936 10879 13647 14233 
14817 2154 8506 16231 976 7340 4449 7441 
1142 1718 2738 11194 9164 9265 1030 8191 
7873 4009 12420 13507 14795 10101 7424 9949 
2521 16034 3107 10652 13885 14140 8431 7020 
14984 11717 2539 11611 12403 4256 12247 3175 
7422 13180 4520 6939 3573 1609 9784 4826 
4342 10978 5627 3122 10295 15095 6543 5788 
2057 13728 9467 13407 5579 1768 11746 9910 
5255 12193 5439 15722 2347 16257 2472 1477 
6484 8790 14823 1746 15138 12660 9825 6726 
13279 12781 15633 14720 12094 9167 15163 10373 
16101 15696 331 8763 12295 636 3347 11255 
15129 1881 13068 4274 5213 14461 16222 3940 
4724 815 4664 10080 8926 13217 15986 7979 
2821 15459 7462 4850 13936 15049 1783 11555 
1095 4666 5855 8449 13868 14368 12410 3482 
2257 13642 5673 13511 13756 15037 198 313 
7825 335 2727 9752 6708 16377 14772 13508 
6085 283 15740 7518 1223 10614 5946 10557 
13955 10166 10562 6127 12574 12929 16151 8742 
5239 12469 4196 739 8995 14674 15647 1437 
15581 4467 13948 11026 8826 2793 8016 12077 
1153 8784 11010 9174 816 56 13185 12654 
9556 9006 9532 16060 3305 1278 2786 721 
10784 3891 3145 15256 15518 674 1455 645 
14593 4454 6161 6266 8295 314 7040 8608 
13207 5224 7254 3112 3468 11333 8435 11315 
7626 301 711 2550 12273 798 5705 109 
15867 12914 5240 3627 5052 15151 136 13576 
12897 13408 8804 134 1111 10448 11964 2125 
8591 3321 5062 2680 796 1244 4488 11681 
3266 15423 583 9246 1606 7865 14525 3788 
6846 14409 13115 11890 15413 3972 12671 4793 
9771 3341 4661 10316 59 8454 5243 9702 
7662 14652 85 4134 10303 9694 2543 15644 
1396 14196 12667 13518 4947 1313 6653 3856 
7932 9704 14087 9434 6135 15500 3796 8496 
15645 4986 1531 8632 12271 249 5744 4 
5986 584 1365 1465 10453 2618 3274 14170 
15057 15723 11461 10759 15038 12811 8078 6986 
10274 5164 6240 14007 14235 15855 3051 15072 
13006 6557 1558 9526 7792 11893 12460 209 
7833 15781 5094 14088 4113 2664 9011 6400 
3815 14537 5070 11860 1867 8395 8333 15643 
6504 11157 13244 1060 3792 482 10429 2266 
10545 2565 10836 1375 5829 2535 5804 15069 
7370 6982 2126 2002 4551 562 10239 1260 
6498 14923 12612 6863 51 544 10984 9323 
10163 16235 4450 5318 8138 11560 12293 15096 
16187 11291 2704 790 8044 12592 13235 9606 
14696 388 12537 16357 12041 10651 5738 2306 
7223 16382 1471 6244 6119 8465 14902 11000 
16046 7950 12490 9326 12311 14779 7726 1427 
8409 5799 7640 15451 10857 9082 3497 1261 
15126 9664 5461 8161 454 11306 14959 4497 
13368 6211 7057 9320 16299 6090 7220 5842 
4802 1612 13170 7386 7748 8364 14893 814 
896 8576 10574 3334 11481 16083 12895 10805 
8998 1116 10270 5085 10669 15422 7739 14552 
8787 4312 12380 472 9585 14837 2820 15640 
15187 12687 3525 8262 11958 2419 6263 13204 
8642 3771 1844 9975 13949 7171 11727 4422 
4716 1682 6305 5435 418 16146 7771 7598 
16317 14908 2153 10588 2540 3705 13946 13157 
4116 9860 2600 7416 1575 4363 8683 1447 
15573 10159 7044 9165 2780 11216 2099 847 
5857 6345 10140 9954 8023 4694 12625 11272 
7900 15665 11619 3443 13346 6930 315 3451 
10795 15176 11806 4563 14202 7861 12990 14238 
4015 7362 2708 207 2208 2749 9982 2711 
11362 12329 15219 2590 13205 7142 15719 1936 
10261 8518 13327 14410 6539 4459 15979 7075 
12628 1502 13255 4987 8299 12623 12445 16329 
15450 1491 4265 3233 1913 1930 9567 9573 
1174 5897 5124 11168 12850 3194 4963 8526 
5057 7763 15411 7830 12241 15182 6641 10649 
6839 2292 10456 1309 3073 15558 5343 14224 
11533 13995 4616 2351 3215 5471 2692 10281 
1258 1546 16321 1954 7622 5076 7448 8948 
5702 14806 7849 9816 5995 5437 7274 14493 
7975 13323 1813 12856 4480 4680 510 4334 
6953 9484 10586 4251 12674 2972 3270 5362 
11759 1920 7163 16197 9803 15419 11612 3091 
10162 2010 6435 11120 10458 4222 6596 13053 
980 12855 1517 9303 6538 452 2354 4418 
10667 1490 1907 9469 12853 15192 17 15544 
7732 11236 16260 13066 4659 14759 14038 8511 
14347 7130 13740 12467 15121 9519 10541 8141 
6199 1376 15462 3794 15401 10580 4751 3318 
5125 14293 10591 1674 10539 15507 7323 9260 
7835 988 3342 10748 15967 16039 11160 12389 
680 10472 291 3603 5066 11703 616 4091 
9279 14941 8981 6968 4643 5399 9590 9340 
6303 2176 6782 15959 3306 13153 9477 11184 
15770 8943 10604 14312 6739 13792 15982 9987 
13275 15408 5507 391 4773 3662 12729 9579 
3271 8560 10521 3037 319 4511 6253 2645 
14146 12882 1467 11583 347 14043 1020 14660 
13944 9563 14143 13091 5657 8611 11996 14860 
13078 78 1489 887 6236 2804 8688 4926 
15471 13503 16126 4197 1593 7735 8279 6916 
6277 8693 12559 14933 956 4064 15576 740 
10040 4671 12303 11816 11443 15772 5448 5082 
6271 12813 16266 4951 8207 9151 343 3605 
11642 4458 7298 3349 3315 9846 2201 6447 
8175 13645 13452 5586 10121 12449 6568 14690 
2421 4572 3303 10204 5921 13071 11498 10079 
7632 9505 14897 4114 4525 3134 4299 12165 
11812 4706 3000 14092 10763 903 8311 15859 
11773 7502 12786 7106 9225 15300 5256 13614 
4529 14712 15238 1495 1909 10392 7703 14783 
8292 7246 4955 10854 8289 9548 521 12553 
14529 15995 15656 13695 2900 8600 5575 7511 
13048 5796 9402 12639 12644 1562 15291 7027 
6142 13866 8361 2455 13674 6766 9148 7877 
9152 6915 13661 9578 14935 3969 7426 3722 
131 2207 12916 2487 11576 14210 4799 7247 
6055 7667 5000 6889 15257 7138 456 6239 
830 13084 9389 10692 14951 2509 1468 2593 
9195 14441 13958 10007 12668 1288 9924 15673 
4112 6360 8666 12347 10216 4771 240 8615 
4644 14412 12015 1190 4207 7343 3184 99 
9291 5696 2594 11060 14249 715 14203 6947 
5479 13615 8907 3399 9504 9665 8551 4517 
6414 9904 15512 10853 13326 4570 12894 7228 
4992 9106 11855 15807 15624 3359 14661 8209 
12600 14857 1057 15208 5783 14780 14750 11749 
8103 12491 10344 6369 2158 10862 760 8553 
3426 4170 6628 6681 4939 6607 10520 10974 
3728 7418 13047 13451 4844 12807 13521 1597 
5933 7156 3085 3012 10554 9685 5163 3717 
2985 5502 3376 14061 15152 2634 10237 7838 
10175 6392 1083 4792 4938 12308 6936 13735 
4060 1809 14054 267 225 3703 3424 15589 
9933 12148 3356 14056 7698 2621 14369 5274 
5934 14173 9689 15276 7683 12590 8691 8580 
4431 1539 6909 581 3228 4730 10616 14006 
15021 13208 12336 13357 16250 251 3195 860 
2871 12131 4783 7212 16142 10476 8331 11980 
15376 1069 12733 673 2756 7519 8839 13778 
15631 15353 4566 15228 15398 13595 7397 11347 
8047 6420 4678 1595 13890 1796 11006 3719 
10587 11301 7070 10891 4294 6232 10800 1704 
2687 9831 2386 13591 12956 8799 9960 4178 
1623 5987 5023 16062 3625 16180 8920 13804 
3330 15553 15777 14843 13582 7536 10048 11740 
5519 6895 4834 10859 10864 4592 14561 2610 
4145 8318 14172 5679 6057 5736 642 5887 
7526 10817 2116 13484 3096 931 10250 8303 
7382 9822 2021 6117 14356 5065 6563 10474 
12864 15036 2130 8383 5379 15768 8578 13171 
884 10255 9455 1394 7851 10872 14871 14162 
9531 8001 10600 13416 3726 14536 8723 211 
13874 11261 13739 14473 7521 14903 3924 8540 
14444 13448 5138 2846 14807 609 15328 16288 
7411 9157 15895 6084 3839 16340 12401 14862 
12499 13181 16174 70 2654 13097 465 12805 
15428 15805 12270 757 6896 10107 11628 8912 
4413 6516 8234 8134 11053 14809 15838 77 
4081 10589 15400 15667 4583 13840 6818 853 
8927 279 3180 7123 14770 10404 7039 9374 
8890 3533 11408 9271 10296 7696 8358 12166 
15158 6103 6555 15122 8007 1864 14692 2336 
7219 14563 11055 6089 15753 1603 15701 6643 
12039 1206 13803 3105 14264 3737 9919 16007 
1403 14015 9658 12454 13588 9202 3561 635 
10966 7589 11926 2987 7505 7065 11956 13961 
13941 8904 11267 13671 1348 9433 1399 13333 
8570 3120 15742 7160 4617 2982 10193 10199 
951 12948 5775 13132 8288 3846 1808 13495 
3670 16047 13317 13391 6424 10483 1132 12358 
1850 12878 12300 3860 6807 1363 2666 6380 
1122 6294 14042 7636 1788 12562 14342 7646 
1181 1245 14501 13162 11503 756 13073 11354 
9521 13041 15871 12181 11402 2629 7395 9050 
15765 10635 2955 5131 105 3081 15949 15808 
12185 4961 14166 4658 9840 9992 3413 844 
8968 935 5451 15924 13381 5038 5376 1422 
3956 12374 14464 89 8873 323 11518 1960 
15260 9120 8734 12480 4027 14336 8471 2467 
8458 2878 3089 4071 50 6636 14740 356 
1672 13688 11464 1649 2574 2287 4725 1722 
11358 14243 8837 10028 15869 11817 10768 10556 
6877 2323 4259 5687 9963 11937 5321 13154 
7554 14577 3980 3785 7593 10096 10169 14095 
8517 4660 3783 7477 4679 13574 6850 3121 
733 7574 2675 8359 12550 11063 14870 11992 
8436 8119 6328 11108 14861 7736 377 13049 
12818 11714 4811 13834 15698 8498 16069 11126 
2506 14372 2271 2712 10227 783 840 9993 
16217 397 6249 10677 13764 60 2824 13252 
11991 3752 7693 7943 14351 1924 9674 2980 
14548 12560 2653 14957 5078 7989 10865 7661 
4713 675 11602 10506 7677 5449 13632 3038 
866 4889 12650 582 3187 2549 11829 12223 
9938 12100 6612 3596 12503 6864 14445 6496 
3275 909 6907 4343 12383 11756 14557 12945 
13706 3350 6188 15769 2527 15870 7894 1438 
3517 4269 13818 5605 15925 6997 15001 14150 
8878 8425 7779 14532 8208 9680 1637 12691 
8664 5474 3395 13460 3463 4677 8446 591 
8638 1861 6814 11196 12422 1885 14872 7772 
7625 4642 10407 13143 1751 9105 3389 4930 
4918 3504 3906 13762 6908 1581 3382 6123 
16323 13653 4835 2689 709 2197 15327 2220 
6000 5222 2217 1863 12730 7846 7258 7423 
13731 6958 1414 10994 13657 4192 11154 11741 
7599 7953 14013 7787 9915 734 9224 4626 
11502 10248 3313 13121 4999 10143 15220 13261 
11764 220 14745 12662 9188 7879 4001 4153 
3936 1028 12042 2403 6955 3123 14769 15231 
9134 12213 14392 13571 9230 8698 13994 10160 
15636 11117 12618 3539 2027 14104 10449 9853 
8831 5871 15050 6216 9510 13353 7141 14673 
14670 9754 6002 7906 3654 5658 13939 9031 
16350 16123 4295 8438 9727 3076 6805 5713 
10842 1485 8656 10700 9341 12494 7034 2990 
12703 14443 4576 2844 11276 430 14912 16241 
1791 4080 11047 12825 12582 9187 3918 11105 
16106 9893 3724 9382 13446 13129 13298 10109 
12430 14583 2586 15168 7921 12696 15598 10722 
14160 16032 15320 5769 7014 11849 1677 7591 
